	===============================================
	Корректировка весов и смещений №3

	Thu Oct  5 23:47:28 2023

	Исходный массив весов:
	[ -2.0000000000000004 ; -1.8923399468838331 ; -1.667127528296814 ; -1.6368533728733037 ; -1.1688997105084324 ; -1.4686978093283696 ; -2.618493048995284 ;  ]
	[ -0.6044888939496972 ; -2.017119153446054 ; -0.6110447606009578 ; -1.271834295819284 ; -1.151353106679745 ; -0.683179828405655 ; -1.2142436172289388 ;  ]
	[ -2.4749687068146593 ; -2.0136755751125204 ; -0.9260418826613243 ; -2.475598781802687 ; -0.7665862753026808 ; -1.8636809828411551 ; -1.9067398281261536 ;  ]
	[ -2.7150100359069653 ; -3.3014673470891074 ; -3.2527987363434345 ; -3.851248048729374 ; -3.962592201307799 ; -4.4779380060932645 ; -2.823602651499358 ;  ]
	[ -2.5184127385971156 ; -2.8443926965823367 ; -3.5493588193639503 ; -2.444236386935503 ; -1.9271764893898344 ; -1.9997462144798943 ; -2.111546305196364 ;  ]
	[ -1.2956766916850448 ; -3.0650343033524514 ; -1.1505118196745099 ; -2.4516038164311706 ; -1.5697251721961707 ; -1.8069550128440166 ; -1.9173458441152924 ;  ]
	[ -1.2384068172632512 ; -1.254629346488141 ; -1.1542983370136695 ; -1.108855730554097 ; -1.1936764103236641 ; -2.076309242338952 ; -1.3280973116062245 ;  ]

	Исходный массив смещений:
	[ -2.0000000000000004 ; -1.5000000000000002 ; -1.2739779637774191 ; -1.774073501834399 ; -2.970810306296698 ; -2.7634379803052513 ; -1.9980137835352263 ;  ]
	[ -1.7000000000000004 ; -1.0999999999999999 ; -1.7960657312765522 ; -2.6656562347540524 ; -1.9511821708610766 ; -1.1639341373975918 ; -1.6889462208253443 ;  ]
	[ -0.9421837906492642 ; -1.3827062671670938 ; -0.6137213945267642 ; -0.9866058815998923 ; -1.697794669528511 ; -2.294003345166122 ; -1.8669023070378752 ;  ]
	[ -3.8493649299652613 ; -4.4401594142511644 ; -3.7033640578499756 ; -3.635614986925541 ; -3.8797882509719535 ; -4.382726883140297 ; -3.997044991394612 ;  ]
	[ -3.3881684629282702 ; -2.5147513054256625 ; -2.4985388366983656 ; -1.9535432473880796 ; -2.366277031608863 ; -2.4640942247338296 ; -2.745467911729712 ;  ]
	[ -2.61543807514023 ; -1.4603744274296782 ; -1.4620466925623545 ; -2.8948705606697 ; -2.589906545708082 ; -2.9710633666065 ; -1.9998638399546271 ;  ]
	[ -0.8866829273306048 ; -1.7130703804811325 ; -2.6166119606384735 ; -0.7348050532662468 ; -1.5936525691952632 ; -2.07209978795624 ; -1.2920284536615827 ;  ]

	Полученный массив весов:
	[ -2.2000000000000006 ; -2.092339946883833 ; -1.8671275282968143 ; -1.8368533728733039 ; -1.3688997105084326 ; -1.6686978093283698 ; -2.818493048995284 ;  ]
	[ -0.6044888939496972 ; -2.017119153446054 ; -0.6110447606009578 ; -1.271834295819284 ; -1.151353106679745 ; -0.683179828405655 ; -1.2142436172289388 ;  ]
	[ -2.4749687068146593 ; -2.0136755751125204 ; -0.9260418826613243 ; -2.475598781802687 ; -0.7665862753026808 ; -1.8636809828411551 ; -1.9067398281261536 ;  ]
	[ -2.8150100359069654 ; -3.4014673470891075 ; -3.3527987363434346 ; -3.951248048729374 ; -4.062592201307799 ; -4.577938006093264 ; -2.9236026514993583 ;  ]
	[ -2.5184127385971156 ; -2.8443926965823367 ; -3.5493588193639503 ; -2.444236386935503 ; -1.9271764893898344 ; -1.9997462144798943 ; -2.111546305196364 ;  ]
	[ -1.2956766916850448 ; -3.0650343033524514 ; -1.1505118196745099 ; -2.4516038164311706 ; -1.5697251721961707 ; -1.8069550128440166 ; -1.9173458441152924 ;  ]
	[ -1.138406817263251 ; -1.154629346488141 ; -1.0542983370136694 ; -1.0088557305540968 ; -1.093676410323664 ; -1.976309242338952 ; -1.2280973116062244 ;  ]

	Полученный массив смещений:
	[ -2.2000000000000006 ; -1.7000000000000004 ; -1.4739779637774193 ; -1.9740735018343991 ; -3.170810306296698 ; -2.9634379803052515 ; -2.1980137835352265 ;  ]
	[ -1.7000000000000004 ; -1.0999999999999999 ; -1.7960657312765522 ; -2.6656562347540524 ; -1.9511821708610766 ; -1.1639341373975918 ; -1.6889462208253443 ;  ]
	[ -0.9421837906492642 ; -1.3827062671670938 ; -0.6137213945267642 ; -0.9866058815998923 ; -1.697794669528511 ; -2.294003345166122 ; -1.8669023070378752 ;  ]
	[ -3.9493649299652613 ; -4.540159414251164 ; -3.8033640578499757 ; -3.7356149869255413 ; -3.9797882509719535 ; -4.482726883140296 ; -4.097044991394612 ;  ]
	[ -3.3881684629282702 ; -2.5147513054256625 ; -2.4985388366983656 ; -1.9535432473880796 ; -2.366277031608863 ; -2.4640942247338296 ; -2.745467911729712 ;  ]
	[ -2.61543807514023 ; -1.4603744274296782 ; -1.4620466925623545 ; -2.8948705606697 ; -2.589906545708082 ; -2.9710633666065 ; -1.9998638399546271 ;  ]
	[ -0.7866829273306049 ; -1.6130703804811324 ; -2.5166119606384734 ; -0.6348050532662468 ; -1.4936525691952631 ; -1.9720997879562399 ; -1.1920284536615826 ;  ]
	Корректировка весов и смещений №3
	===============================================
