	===============================================
	Корректировка весов и смещений №3

	Thu Oct  5 23:42:01 2023

	Исходный массив весов:
	[ -1.0999999999999999 ; -0.9923399468838323 ; -0.7671275282968136 ; -0.7368533728733032 ; -0.26889971050843237 ; -0.5686978093283693 ; -1.718493048995283 ;  ]
	[ -0.10448889394969718 ; -1.5171191534460537 ; -0.1110447606009578 ; -0.771834295819284 ; -0.651353106679745 ; -0.18317982840565508 ; -0.7142436172289387 ;  ]
	[ -1.874968706814659 ; -1.4136755751125198 ; -0.32604188266132433 ; -1.875598781802687 ; -0.1665862753026808 ; -1.2636809828411546 ; -1.306739828126153 ;  ]
	[ -0.41501003590696417 ; -1.0014673470891056 ; -0.9527987363434327 ; -1.551248048729372 ; -1.6625922013077974 ; -2.1779380060932647 ; -0.5236026514993568 ;  ]
	[ -1.1184127385971145 ; -1.4443926965823355 ; -2.149358819363949 ; -1.0442363869355016 ; -0.5271764893898336 ; -0.5997462144798935 ; -0.711546305196363 ;  ]
	[ -0.19567669168504473 ; -1.9650343033524504 ; -0.050511819674509906 ; -1.3516038164311697 ; -0.4697251721961704 ; -0.7069550128440159 ; -0.8173458441152917 ;  ]
	[ -0.838406817263251 ; -0.8546293464881408 ; -0.7542983370136694 ; -0.7088557305540969 ; -0.7936764103236641 ; -1.6763092423389518 ; -0.9280973116062242 ;  ]

	Исходный массив смещений:
	[ -1.0999999999999999 ; -0.6 ; -0.3739779637774191 ; -0.8740735018343984 ; -2.070810306296697 ; -1.8634379803052505 ; -1.0980137835352255 ;  ]
	[ -1.2 ; -0.6 ; -1.2960657312765518 ; -2.165656234754052 ; -1.4511821708610764 ; -0.6639341373975918 ; -1.1889462208253438 ;  ]
	[ -0.34218379064926424 ; -0.7827062671670935 ; -0.013721394526764213 ; -0.3866058815998924 ; -1.0977946695285106 ; -1.6940033451661216 ; -1.2669023070378747 ;  ]
	[ -1.5493649299652592 ; -2.140159414251164 ; -1.4033640578499738 ; -1.3356149869255394 ; -1.5797882509719514 ; -2.0827268831402965 ; -1.69704499139461 ;  ]
	[ -1.988168462928269 ; -1.1147513054256613 ; -1.0985388366983646 ; -0.5535432473880788 ; -0.9662770316088619 ; -1.0640942247338283 ; -1.3454679117297108 ;  ]
	[ -1.5154380751402292 ; -0.36037442742967785 ; -0.3620466925623542 ; -1.7948705606696993 ; -1.489906545708081 ; -1.8710633666064989 ; -0.8998638399546264 ;  ]
	[ -0.4866829273306049 ; -1.3130703804811321 ; -2.216611960638473 ; -0.3348050532662468 ; -1.1936525691952629 ; -1.6720997879562396 ; -0.8920284536615825 ;  ]

	Полученный массив весов:
	[ -1.0999999999999999 ; -0.9923399468838323 ; -0.7671275282968136 ; -0.7368533728733032 ; -0.26889971050843237 ; -0.5686978093283693 ; -1.718493048995283 ;  ]
	[ -0.3044888939496972 ; -1.717119153446054 ; -0.3110447606009578 ; -0.9718342958192839 ; -0.851353106679745 ; -0.3831798284056551 ; -0.9142436172289387 ;  ]
	[ -1.874968706814659 ; -1.4136755751125198 ; -0.32604188266132433 ; -1.875598781802687 ; -0.1665862753026808 ; -1.2636809828411546 ; -1.306739828126153 ;  ]
	[ -0.5150100359069641 ; -1.1014673470891057 ; -1.0527987363434328 ; -1.6512480487293721 ; -1.7625922013077975 ; -2.277938006093265 ; -0.6236026514993568 ;  ]
	[ -1.1184127385971145 ; -1.4443926965823355 ; -2.149358819363949 ; -1.0442363869355016 ; -0.5271764893898336 ; -0.5997462144798935 ; -0.711546305196363 ;  ]
	[ -0.19567669168504473 ; -1.9650343033524504 ; -0.050511819674509906 ; -1.3516038164311697 ; -0.4697251721961704 ; -0.7069550128440159 ; -0.8173458441152917 ;  ]
	[ -0.738406817263251 ; -0.7546293464881408 ; -0.6542983370136695 ; -0.6088557305540969 ; -0.6936764103236641 ; -1.5763092423389518 ; -0.8280973116062242 ;  ]

	Полученный массив смещений:
	[ -1.0999999999999999 ; -0.6 ; -0.3739779637774191 ; -0.8740735018343984 ; -2.070810306296697 ; -1.8634379803052505 ; -1.0980137835352255 ;  ]
	[ -1.4000000000000001 ; -0.7999999999999999 ; -1.496065731276552 ; -2.365656234754052 ; -1.6511821708610765 ; -0.8639341373975917 ; -1.388946220825344 ;  ]
	[ -0.34218379064926424 ; -0.7827062671670935 ; -0.013721394526764213 ; -0.3866058815998924 ; -1.0977946695285106 ; -1.6940033451661216 ; -1.2669023070378747 ;  ]
	[ -1.6493649299652593 ; -2.2401594142511643 ; -1.5033640578499738 ; -1.4356149869255395 ; -1.6797882509719515 ; -2.1827268831402966 ; -1.79704499139461 ;  ]
	[ -1.988168462928269 ; -1.1147513054256613 ; -1.0985388366983646 ; -0.5535432473880788 ; -0.9662770316088619 ; -1.0640942247338283 ; -1.3454679117297108 ;  ]
	[ -1.5154380751402292 ; -0.36037442742967785 ; -0.3620466925623542 ; -1.7948705606696993 ; -1.489906545708081 ; -1.8710633666064989 ; -0.8998638399546264 ;  ]
	[ -0.38668292733060494 ; -1.213070380481132 ; -2.116611960638473 ; -0.23480505326624682 ; -1.0936525691952628 ; -1.5720997879562395 ; -0.7920284536615825 ;  ]
	Корректировка весов и смещений №3
	===============================================
