	===============================================
	Корректировка весов и смещений №3

	Thu Oct  5 23:46:26 2023

	Исходный массив весов:
	[ -1.5000000000000002 ; -1.3923399468838327 ; -1.1671275282968137 ; -1.1368533728733032 ; -0.6688997105084323 ; -0.9686978093283692 ; -2.1184930489952833 ;  ]
	[ -0.6044888939496972 ; -2.017119153446054 ; -0.6110447606009578 ; -1.271834295819284 ; -1.151353106679745 ; -0.683179828405655 ; -1.2142436172289388 ;  ]
	[ -2.174968706814659 ; -1.71367557511252 ; -0.6260418826613243 ; -2.175598781802687 ; -0.4665862753026808 ; -1.5636809828411549 ; -1.6067398281261533 ;  ]
	[ -2.215010035906965 ; -2.801467347089107 ; -2.752798736343434 ; -3.3512480487293734 ; -3.4625922013077988 ; -3.9779380060932663 ; -2.3236026514993577 ;  ]
	[ -2.118412738597115 ; -2.4443926965823364 ; -3.14935881936395 ; -2.0442363869355025 ; -1.527176489389834 ; -1.599746214479894 ; -1.7115463051963635 ;  ]
	[ -1.0956766916850447 ; -2.8650343033524512 ; -0.9505118196745098 ; -2.2516038164311705 ; -1.3697251721961705 ; -1.6069550128440164 ; -1.7173458441152922 ;  ]
	[ -1.138406817263251 ; -1.154629346488141 ; -1.0542983370136694 ; -1.0088557305540968 ; -1.093676410323664 ; -1.976309242338952 ; -1.2280973116062244 ;  ]

	Исходный массив смещений:
	[ -1.5000000000000002 ; -0.9999999999999999 ; -0.773977963777419 ; -1.2740735018343985 ; -2.4708103062966975 ; -2.263437980305251 ; -1.4980137835352259 ;  ]
	[ -1.7000000000000004 ; -1.0999999999999999 ; -1.7960657312765522 ; -2.6656562347540524 ; -1.9511821708610768 ; -1.1639341373975918 ; -1.6889462208253443 ;  ]
	[ -0.6421837906492642 ; -1.0827062671670935 ; -0.3137213945267643 ; -0.6866058815998923 ; -1.3977946695285108 ; -1.9940033451661217 ; -1.566902307037875 ;  ]
	[ -3.349364929965261 ; -3.940159414251166 ; -3.203364057849975 ; -3.1356149869255407 ; -3.379788250971953 ; -3.882726883140298 ; -3.4970449913946116 ;  ]
	[ -2.98816846292827 ; -2.114751305425662 ; -2.0985388366983653 ; -1.5535432473880793 ; -1.9662770316088627 ; -2.064094224733829 ; -2.3454679117297115 ;  ]
	[ -2.41543807514023 ; -1.260374427429678 ; -1.2620466925623544 ; -2.6948705606697 ; -2.3899065457080817 ; -2.7710633666064997 ; -1.799863839954627 ;  ]
	[ -0.7866829273306049 ; -1.6130703804811324 ; -2.5166119606384734 ; -0.6348050532662468 ; -1.4936525691952631 ; -1.9720997879562399 ; -1.1920284536615826 ;  ]

	Полученный массив весов:
	[ -1.6000000000000003 ; -1.4923399468838328 ; -1.2671275282968137 ; -1.2368533728733033 ; -0.7688997105084323 ; -1.0686978093283692 ; -2.2184930489952834 ;  ]
	[ -0.7044888939496972 ; -2.1171191534460543 ; -0.7110447606009578 ; -1.3718342958192842 ; -1.2513531066797452 ; -0.783179828405655 ; -1.314243617228939 ;  ]
	[ -2.274968706814659 ; -1.8136755751125202 ; -0.7260418826613243 ; -2.275598781802687 ; -0.5665862753026808 ; -1.663680982841155 ; -1.7067398281261534 ;  ]
	[ -2.215010035906965 ; -2.801467347089107 ; -2.752798736343434 ; -3.3512480487293734 ; -3.4625922013077988 ; -3.9779380060932663 ; -2.3236026514993577 ;  ]
	[ -2.118412738597115 ; -2.4443926965823364 ; -3.14935881936395 ; -2.0442363869355025 ; -1.527176489389834 ; -1.599746214479894 ; -1.7115463051963635 ;  ]
	[ -1.0956766916850447 ; -2.8650343033524512 ; -0.9505118196745098 ; -2.2516038164311705 ; -1.3697251721961705 ; -1.6069550128440164 ; -1.7173458441152922 ;  ]
	[ -1.038406817263251 ; -1.0546293464881409 ; -0.9542983370136694 ; -0.9088557305540969 ; -0.993676410323664 ; -1.876309242338952 ; -1.1280973116062243 ;  ]

	Полученный массив смещений:
	[ -1.6000000000000003 ; -1.0999999999999999 ; -0.873977963777419 ; -1.3740735018343986 ; -2.5708103062966976 ; -2.363437980305251 ; -1.598013783535226 ;  ]
	[ -1.8000000000000005 ; -1.2 ; -1.8960657312765523 ; -2.7656562347540525 ; -2.0511821708610767 ; -1.2639341373975919 ; -1.7889462208253444 ;  ]
	[ -0.7421837906492642 ; -1.1827062671670936 ; -0.41372139452676426 ; -0.7866058815998923 ; -1.497794669528511 ; -2.0940033451661217 ; -1.666902307037875 ;  ]
	[ -3.349364929965261 ; -3.940159414251166 ; -3.203364057849975 ; -3.1356149869255407 ; -3.379788250971953 ; -3.882726883140298 ; -3.4970449913946116 ;  ]
	[ -2.98816846292827 ; -2.114751305425662 ; -2.0985388366983653 ; -1.5535432473880793 ; -1.9662770316088627 ; -2.064094224733829 ; -2.3454679117297115 ;  ]
	[ -2.41543807514023 ; -1.260374427429678 ; -1.2620466925623544 ; -2.6948705606697 ; -2.3899065457080817 ; -2.7710633666064997 ; -1.799863839954627 ;  ]
	[ -0.6866829273306049 ; -1.5130703804811323 ; -2.4166119606384733 ; -0.5348050532662468 ; -1.393652569195263 ; -1.8720997879562398 ; -1.0920284536615825 ;  ]
	Корректировка весов и смещений №3
	===============================================
