	===============================================
	Корректировка весов и смещений №3

	Thu Oct  5 23:51:42 2023

	Исходный массив весов:
	[ -3.900000000000002 ; -3.7923399468838346 ; -3.567127528296816 ; -3.5368533728733054 ; -3.068899710508434 ; -3.368697809328371 ; -4.518493048995283 ;  ]
	[ -1.4044888939496976 ; -2.817119153446055 ; -1.4110447606009582 ; -2.0718342958192846 ; -1.9513531066797456 ; -1.4831798284056554 ; -2.0142436172289395 ;  ]
	[ -3.5749687068146603 ; -3.1136755751125214 ; -2.026041882661325 ; -3.575598781802688 ; -1.8665862753026814 ; -2.963680982841156 ; -3.0067398281261544 ;  ]
	[ -4.315010035906965 ; -4.901467347089104 ; -4.852798736343432 ; -5.451248048729369 ; -5.562592201307794 ; -6.077938006093259 ; -4.423602651499357 ;  ]
	[ -2.6184127385971157 ; -2.944392696582337 ; -3.6493588193639503 ; -2.544236386935503 ; -2.0271764893898343 ; -2.0997462144798944 ; -2.211546305196364 ;  ]
	[ -1.7956766916850453 ; -3.565034303352452 ; -1.6505118196745103 ; -2.951603816431171 ; -2.069725172196171 ; -2.306955012844017 ; -2.417345844115293 ;  ]
	[ -2.238406817263252 ; -2.2546293464881417 ; -2.15429833701367 ; -2.108855730554098 ; -2.193676410323665 ; -3.076309242338953 ; -2.3280973116062254 ;  ]

	Исходный массив смещений:
	[ -3.900000000000002 ; -3.4000000000000017 ; -3.173977963777421 ; -3.6740735018344006 ; -4.870810306296696 ; -4.66343798030525 ; -3.898013783535228 ;  ]
	[ -2.500000000000001 ; -1.9000000000000004 ; -2.596065731276553 ; -3.465656234754053 ; -2.7511821708610773 ; -1.9639341373975925 ; -2.488946220825345 ;  ]
	[ -2.042183790649265 ; -2.4827062671670945 ; -1.7137213945267649 ; -2.086605881599893 ; -2.797794669528512 ; -3.394003345166123 ; -2.966902307037876 ;  ]
	[ -5.449364929965256 ; -6.040159414251159 ; -5.303364057849971 ; -5.235614986925537 ; -5.479788250971948 ; -5.982726883140291 ; -5.597044991394607 ;  ]
	[ -3.4881684629282703 ; -2.6147513054256626 ; -2.5985388366983657 ; -2.0535432473880797 ; -2.466277031608863 ; -2.5640942247338296 ; -2.845467911729712 ;  ]
	[ -3.1154380751402306 ; -1.9603744274296786 ; -1.962046692562355 ; -3.3948705606697005 ; -3.0899065457080823 ; -3.4710633666065003 ; -2.4998638399546276 ;  ]
	[ -1.8866829273306056 ; -2.7130703804811334 ; -3.6166119606384743 ; -1.7348050532662473 ; -2.593652569195264 ; -3.072099787956241 ; -2.2920284536615836 ;  ]

	Полученный массив весов:
	[ -3.900000000000002 ; -3.7923399468838346 ; -3.567127528296816 ; -3.5368533728733054 ; -3.068899710508434 ; -3.368697809328371 ; -4.518493048995283 ;  ]
	[ -1.4044888939496976 ; -2.817119153446055 ; -1.4110447606009582 ; -2.0718342958192846 ; -1.9513531066797456 ; -1.4831798284056554 ; -2.0142436172289395 ;  ]
	[ -3.47496870681466 ; -3.0136755751125213 ; -1.926041882661325 ; -3.475598781802688 ; -1.7665862753026813 ; -2.863680982841156 ; -2.9067398281261543 ;  ]
	[ -4.515010035906965 ; -5.101467347089104 ; -5.052798736343432 ; -5.651248048729368 ; -5.762592201307793 ; -6.277938006093258 ; -4.623602651499357 ;  ]
	[ -2.6184127385971157 ; -2.944392696582337 ; -3.6493588193639503 ; -2.544236386935503 ; -2.0271764893898343 ; -2.0997462144798944 ; -2.211546305196364 ;  ]
	[ -1.8956766916850454 ; -3.665034303352452 ; -1.7505118196745104 ; -3.051603816431171 ; -2.1697251721961712 ; -2.406955012844017 ; -2.517345844115293 ;  ]
	[ -2.238406817263252 ; -2.2546293464881417 ; -2.15429833701367 ; -2.108855730554098 ; -2.193676410323665 ; -3.076309242338953 ; -2.3280973116062254 ;  ]

	Полученный массив смещений:
	[ -3.900000000000002 ; -3.4000000000000017 ; -3.173977963777421 ; -3.6740735018344006 ; -4.870810306296696 ; -4.66343798030525 ; -3.898013783535228 ;  ]
	[ -2.500000000000001 ; -1.9000000000000004 ; -2.596065731276553 ; -3.465656234754053 ; -2.7511821708610773 ; -1.9639341373975925 ; -2.488946220825345 ;  ]
	[ -1.9421837906492647 ; -2.3827062671670944 ; -1.6137213945267648 ; -1.986605881599893 ; -2.6977946695285118 ; -3.294003345166123 ; -2.866902307037876 ;  ]
	[ -5.649364929965255 ; -6.240159414251158 ; -5.5033640578499705 ; -5.435614986925536 ; -5.6797882509719475 ; -6.18272688314029 ; -5.797044991394606 ;  ]
	[ -3.4881684629282703 ; -2.6147513054256626 ; -2.5985388366983657 ; -2.0535432473880797 ; -2.466277031608863 ; -2.5640942247338296 ; -2.845467911729712 ;  ]
	[ -3.2154380751402307 ; -2.0603744274296787 ; -2.062046692562355 ; -3.4948705606697006 ; -3.1899065457080824 ; -3.5710633666065004 ; -2.5998638399546277 ;  ]
	[ -1.8866829273306056 ; -2.7130703804811334 ; -3.6166119606384743 ; -1.7348050532662473 ; -2.593652569195264 ; -3.072099787956241 ; -2.2920284536615836 ;  ]
	Корректировка весов и смещений №3
	===============================================
