	===============================================
	Корректировка весов и смещений №3

	Thu Oct  5 23:57:01 2023

	Исходный массив весов:
	[ -4.899999999999999 ; -4.792339946883832 ; -4.5671275282968145 ; -4.536853372873304 ; -4.068899710508434 ; -4.368697809328371 ; -5.518493048995279 ;  ]
	[ -3.5044888939496994 ; -4.917119153446053 ; -3.51104476060096 ; -4.171834295819286 ; -4.0513531066797475 ; -3.5831798284056573 ; -4.114243617228941 ;  ]
	[ -5.074968706814657 ; -4.61367557511252 ; -3.5260418826613265 ; -5.075598781802685 ; -3.3665862753026827 ; -4.463680982841155 ; -4.506739828126153 ;  ]
	[ -4.415010035906965 ; -5.001467347089104 ; -4.952798736343432 ; -5.551248048729368 ; -5.662592201307794 ; -6.1779380060932585 ; -4.523602651499357 ;  ]
	[ -5.81841273859711 ; -6.14439269658233 ; -6.849358819363941 ; -5.744236386935498 ; -5.227176489389832 ; -5.2997462144798915 ; -5.41154630519636 ;  ]
	[ -4.195676691685047 ; -5.9650343033524456 ; -4.0505118196745125 ; -5.351603816431167 ; -4.4697251721961715 ; -4.706955012844015 ; -4.817345844115291 ;  ]
	[ -4.338406817263253 ; -4.354629346488142 ; -4.254298337013671 ; -4.208855730554099 ; -4.293676410323665 ; -5.17630924233895 ; -4.428097311606225 ;  ]

	Исходный массив смещений:
	[ -4.899999999999999 ; -4.4 ; -4.173977963777421 ; -4.674073501834399 ; -5.8708103062966925 ; -5.663437980305247 ; -4.898013783535225 ;  ]
	[ -4.6 ; -4.000000000000002 ; -4.696065731276552 ; -5.565656234754048 ; -4.851182170861075 ; -4.063934137397594 ; -4.588946220825345 ;  ]
	[ -3.542183790649266 ; -3.982706267167096 ; -3.213721394526766 ; -3.5866058815998945 ; -4.297794669528512 ; -4.89400334516612 ; -4.466902307037875 ;  ]
	[ -5.549364929965256 ; -6.140159414251158 ; -5.403364057849971 ; -5.3356149869255365 ; -5.579788250971948 ; -6.082726883140291 ; -5.697044991394606 ;  ]
	[ -6.688168462928261 ; -5.814751305425657 ; -5.798538836698361 ; -5.253543247388077 ; -5.666277031608859 ; -5.7640942247338245 ; -6.045467911729705 ;  ]
	[ -5.515438075140226 ; -4.360374427429679 ; -4.362046692562355 ; -5.794870560669695 ; -5.489906545708078 ; -5.871063366606494 ; -4.899863839954626 ;  ]
	[ -3.9866829273306075 ; -4.813070380481132 ; -5.716611960638469 ; -3.834805053266249 ; -4.693652569195263 ; -5.172099787956237 ; -4.392028453661584 ;  ]

	Полученный массив весов:
	[ -4.999999999999998 ; -4.892339946883832 ; -4.667127528296814 ; -4.636853372873303 ; -4.168899710508434 ; -4.46869780932837 ; -5.618493048995279 ;  ]
	[ -3.6044888939496995 ; -5.017119153446052 ; -3.61104476060096 ; -4.271834295819286 ; -4.151353106679747 ; -3.6831798284056574 ; -4.214243617228941 ;  ]
	[ -5.174968706814656 ; -4.71367557511252 ; -3.6260418826613265 ; -5.175598781802685 ; -3.466586275302683 ; -4.563680982841155 ; -4.606739828126153 ;  ]
	[ -4.415010035906965 ; -5.001467347089104 ; -4.952798736343432 ; -5.551248048729368 ; -5.662592201307794 ; -6.1779380060932585 ; -4.523602651499357 ;  ]
	[ -5.81841273859711 ; -6.14439269658233 ; -6.849358819363941 ; -5.744236386935498 ; -5.227176489389832 ; -5.2997462144798915 ; -5.41154630519636 ;  ]
	[ -4.195676691685047 ; -5.9650343033524456 ; -4.0505118196745125 ; -5.351603816431167 ; -4.4697251721961715 ; -4.706955012844015 ; -4.817345844115291 ;  ]
	[ -4.238406817263253 ; -4.254629346488143 ; -4.154298337013671 ; -4.108855730554099 ; -4.193676410323666 ; -5.07630924233895 ; -4.328097311606226 ;  ]

	Полученный массив смещений:
	[ -4.999999999999998 ; -4.5 ; -4.273977963777421 ; -4.7740735018343985 ; -5.970810306296692 ; -5.7634379803052465 ; -4.9980137835352245 ;  ]
	[ -4.699999999999999 ; -4.100000000000001 ; -4.796065731276552 ; -5.665656234754048 ; -4.951182170861075 ; -4.163934137397594 ; -4.688946220825344 ;  ]
	[ -3.6421837906492662 ; -4.0827062671670955 ; -3.313721394526766 ; -3.6866058815998946 ; -4.397794669528512 ; -4.99400334516612 ; -4.566902307037875 ;  ]
	[ -5.549364929965256 ; -6.140159414251158 ; -5.403364057849971 ; -5.3356149869255365 ; -5.579788250971948 ; -6.082726883140291 ; -5.697044991394606 ;  ]
	[ -6.688168462928261 ; -5.814751305425657 ; -5.798538836698361 ; -5.253543247388077 ; -5.666277031608859 ; -5.7640942247338245 ; -6.045467911729705 ;  ]
	[ -5.515438075140226 ; -4.360374427429679 ; -4.362046692562355 ; -5.794870560669695 ; -5.489906545708078 ; -5.871063366606494 ; -4.899863839954626 ;  ]
	[ -3.8866829273306074 ; -4.713070380481132 ; -5.616611960638469 ; -3.734805053266249 ; -4.593652569195263 ; -5.072099787956238 ; -4.292028453661584 ;  ]
	Корректировка весов и смещений №3
	===============================================
