	===============================================
	Корректировка весов и смещений №3

	Thu Oct  5 23:53:35 2023

	Исходный массив весов:
	[ -4.6 ; -4.492339946883833 ; -4.2671275282968155 ; -4.236853372873305 ; -3.7688997105084345 ; -4.068697809328372 ; -5.21849304899528 ;  ]
	[ -2.004488893949698 ; -3.4171191534460554 ; -2.0110447606009587 ; -2.671834295819285 ; -2.551353106679746 ; -2.083179828405656 ; -2.61424361722894 ;  ]
	[ -3.97496870681466 ; -3.5136755751125217 ; -2.4260418826613255 ; -3.9755987818026886 ; -2.2665862753026818 ; -3.3636809828411565 ; -3.4067398281261547 ;  ]
	[ -4.715010035906964 ; -5.301467347089103 ; -5.252798736343431 ; -5.851248048729367 ; -5.9625922013077925 ; -6.477938006093257 ; -4.823602651499356 ;  ]
	[ -4.918412738597113 ; -5.2443926965823335 ; -5.949358819363944 ; -4.844236386935501 ; -4.327176489389835 ; -4.399746214479895 ; -4.511546305196363 ;  ]
	[ -2.1956766916850454 ; -3.965034303352452 ; -2.0505118196745107 ; -3.3516038164311714 ; -2.4697251721961715 ; -2.706955012844017 ; -2.817345844115293 ;  ]
	[ -3.038406817263253 ; -3.0546293464881424 ; -2.954298337013671 ; -2.9088557305540985 ; -2.9936764103236655 ; -3.876309242338954 ; -3.128097311606226 ;  ]

	Исходный массив смещений:
	[ -4.6 ; -4.100000000000001 ; -3.8739779637774214 ; -4.3740735018344 ; -5.570810306296694 ; -5.363437980305248 ; -4.598013783535226 ;  ]
	[ -3.1000000000000014 ; -2.500000000000001 ; -3.1960657312765535 ; -4.065656234754053 ; -3.351182170861078 ; -2.563934137397593 ; -3.0889462208253455 ;  ]
	[ -2.442183790649265 ; -2.882706267167095 ; -2.113721394526765 ; -2.4866058815998935 ; -3.197794669528512 ; -3.7940033451661233 ; -3.3669023070378765 ;  ]
	[ -5.849364929965255 ; -6.440159414251157 ; -5.70336405784997 ; -5.635614986925535 ; -5.879788250971947 ; -6.38272688314029 ; -5.997044991394605 ;  ]
	[ -5.788168462928264 ; -4.914751305425661 ; -4.898538836698364 ; -4.35354324738808 ; -4.766277031608862 ; -4.864094224733828 ; -5.145467911729709 ;  ]
	[ -3.515438075140231 ; -2.360374427429679 ; -2.3620466925623553 ; -3.794870560669701 ; -3.4899065457080827 ; -3.8710633666065006 ; -2.899863839954628 ;  ]
	[ -2.6866829273306063 ; -3.513070380481134 ; -4.416611960638473 ; -2.534805053266248 ; -3.3936525691952646 ; -3.8720997879562415 ; -3.0920284536615843 ;  ]

	Полученный массив весов:
	[ -4.6 ; -4.492339946883833 ; -4.2671275282968155 ; -4.236853372873305 ; -3.7688997105084345 ; -4.068697809328372 ; -5.21849304899528 ;  ]
	[ -2.104488893949698 ; -3.5171191534460555 ; -2.111044760600959 ; -2.771834295819285 ; -2.651353106679746 ; -2.183179828405656 ; -2.71424361722894 ;  ]
	[ -3.97496870681466 ; -3.5136755751125217 ; -2.4260418826613255 ; -3.9755987818026886 ; -2.2665862753026818 ; -3.3636809828411565 ; -3.4067398281261547 ;  ]
	[ -4.715010035906964 ; -5.301467347089103 ; -5.252798736343431 ; -5.851248048729367 ; -5.9625922013077925 ; -6.477938006093257 ; -4.823602651499356 ;  ]
	[ -5.018412738597113 ; -5.344392696582333 ; -6.049358819363944 ; -4.944236386935501 ; -4.427176489389835 ; -4.499746214479894 ; -4.611546305196363 ;  ]
	[ -2.1956766916850454 ; -3.965034303352452 ; -2.0505118196745107 ; -3.3516038164311714 ; -2.4697251721961715 ; -2.706955012844017 ; -2.817345844115293 ;  ]
	[ -3.038406817263253 ; -3.0546293464881424 ; -2.954298337013671 ; -2.9088557305540985 ; -2.9936764103236655 ; -3.876309242338954 ; -3.128097311606226 ;  ]

	Полученный массив смещений:
	[ -4.6 ; -4.100000000000001 ; -3.8739779637774214 ; -4.3740735018344 ; -5.570810306296694 ; -5.363437980305248 ; -4.598013783535226 ;  ]
	[ -3.2000000000000015 ; -2.600000000000001 ; -3.2960657312765536 ; -4.165656234754053 ; -3.451182170861078 ; -2.663934137397593 ; -3.1889462208253456 ;  ]
	[ -2.442183790649265 ; -2.882706267167095 ; -2.113721394526765 ; -2.4866058815998935 ; -3.197794669528512 ; -3.7940033451661233 ; -3.3669023070378765 ;  ]
	[ -5.849364929965255 ; -6.440159414251157 ; -5.70336405784997 ; -5.635614986925535 ; -5.879788250971947 ; -6.38272688314029 ; -5.997044991394605 ;  ]
	[ -5.888168462928264 ; -5.01475130542566 ; -4.998538836698364 ; -4.45354324738808 ; -4.8662770316088615 ; -4.964094224733827 ; -5.245467911729708 ;  ]
	[ -3.515438075140231 ; -2.360374427429679 ; -2.3620466925623553 ; -3.794870560669701 ; -3.4899065457080827 ; -3.8710633666065006 ; -2.899863839954628 ;  ]
	[ -2.6866829273306063 ; -3.513070380481134 ; -4.416611960638473 ; -2.534805053266248 ; -3.3936525691952646 ; -3.8720997879562415 ; -3.0920284536615843 ;  ]
	Корректировка весов и смещений №3
	===============================================
