	===============================================
	Корректировка весов и смещений №3

	Thu Oct  5 23:44:48 2023

	Исходный массив весов:
	[ -1.3 ; -1.1923399468838325 ; -0.9671275282968136 ; -0.9368533728733032 ; -0.4688997105084324 ; -0.7686978093283693 ; -1.9184930489952832 ;  ]
	[ -0.5044888939496972 ; -1.917119153446054 ; -0.5110447606009578 ; -1.171834295819284 ; -1.051353106679745 ; -0.5831798284056551 ; -1.1142436172289387 ;  ]
	[ -2.274968706814659 ; -1.8136755751125202 ; -0.7260418826613243 ; -2.275598781802687 ; -0.5665862753026808 ; -1.663680982841155 ; -1.7067398281261534 ;  ]
	[ -1.4150100359069644 ; -2.0014673470891062 ; -1.9527987363434336 ; -2.5512480487293727 ; -2.662592201307798 ; -3.1779380060932656 ; -1.5236026514993573 ;  ]
	[ -1.4184127385971148 ; -1.7443926965823358 ; -2.4493588193639493 ; -1.3442363869355018 ; -0.8271764893898336 ; -0.8997462144798934 ; -1.011546305196363 ;  ]
	[ -0.5956766916850447 ; -2.365034303352451 ; -0.45051181967450993 ; -1.75160381643117 ; -0.8697251721961703 ; -1.106955012844016 ; -1.2173458441152918 ;  ]
	[ -0.538406817263251 ; -0.5546293464881409 ; -0.4542983370136695 ; -0.40885573055409696 ; -0.49367641032366416 ; -1.3763092423389516 ; -0.6280973116062243 ;  ]

	Исходный массив смещений:
	[ -1.3 ; -0.7999999999999999 ; -0.573977963777419 ; -1.0740735018343983 ; -2.2708103062966973 ; -2.0634379803052507 ; -1.2980137835352257 ;  ]
	[ -1.6000000000000003 ; -0.9999999999999999 ; -1.6960657312765521 ; -2.5656562347540524 ; -1.8511821708610767 ; -1.0639341373975917 ; -1.5889462208253442 ;  ]
	[ -0.7421837906492642 ; -1.1827062671670936 ; -0.41372139452676426 ; -0.7866058815998923 ; -1.497794669528511 ; -2.0940033451661217 ; -1.666902307037875 ;  ]
	[ -2.54936492996526 ; -3.140159414251165 ; -2.4033640578499744 ; -2.33561498692554 ; -2.5797882509719523 ; -3.0827268831402974 ; -2.697044991394611 ;  ]
	[ -2.2881684629282693 ; -1.4147513054256615 ; -1.3985388366983649 ; -0.8535432473880787 ; -1.266277031608862 ; -1.3640942247338286 ; -1.645467911729711 ;  ]
	[ -1.9154380751402296 ; -0.7603744274296778 ; -0.7620466925623541 ; -2.1948705606696994 ; -1.8899065457080813 ; -2.271063366606499 ; -1.2998638399546265 ;  ]
	[ -0.18668292733060496 ; -1.0130703804811318 ; -1.9166119606384728 ; -0.034805053266246805 ; -0.8936525691952628 ; -1.3720997879562393 ; -0.5920284536615825 ;  ]

	Полученный массив весов:
	[ -1.5000000000000002 ; -1.3923399468838327 ; -1.1671275282968137 ; -1.1368533728733032 ; -0.6688997105084323 ; -0.9686978093283692 ; -2.1184930489952833 ;  ]
	[ -0.5044888939496972 ; -1.917119153446054 ; -0.5110447606009578 ; -1.171834295819284 ; -1.051353106679745 ; -0.5831798284056551 ; -1.1142436172289387 ;  ]
	[ -2.274968706814659 ; -1.8136755751125202 ; -0.7260418826613243 ; -2.275598781802687 ; -0.5665862753026808 ; -1.663680982841155 ; -1.7067398281261534 ;  ]
	[ -1.4150100359069644 ; -2.0014673470891062 ; -1.9527987363434336 ; -2.5512480487293727 ; -2.662592201307798 ; -3.1779380060932656 ; -1.5236026514993573 ;  ]
	[ -1.4184127385971148 ; -1.7443926965823358 ; -2.4493588193639493 ; -1.3442363869355018 ; -0.8271764893898336 ; -0.8997462144798934 ; -1.011546305196363 ;  ]
	[ -0.4956766916850447 ; -2.2650343033524507 ; -0.35051181967450995 ; -1.65160381643117 ; -0.7697251721961703 ; -1.006955012844016 ; -1.1173458441152917 ;  ]
	[ -0.638406817263251 ; -0.6546293464881409 ; -0.5542983370136695 ; -0.5088557305540969 ; -0.5936764103236641 ; -1.4763092423389517 ; -0.7280973116062243 ;  ]

	Полученный массив смещений:
	[ -1.5000000000000002 ; -0.9999999999999999 ; -0.773977963777419 ; -1.2740735018343985 ; -2.4708103062966975 ; -2.263437980305251 ; -1.4980137835352259 ;  ]
	[ -1.6000000000000003 ; -0.9999999999999999 ; -1.6960657312765521 ; -2.5656562347540524 ; -1.8511821708610767 ; -1.0639341373975917 ; -1.5889462208253442 ;  ]
	[ -0.7421837906492642 ; -1.1827062671670936 ; -0.41372139452676426 ; -0.7866058815998923 ; -1.497794669528511 ; -2.0940033451661217 ; -1.666902307037875 ;  ]
	[ -2.54936492996526 ; -3.140159414251165 ; -2.4033640578499744 ; -2.33561498692554 ; -2.5797882509719523 ; -3.0827268831402974 ; -2.697044991394611 ;  ]
	[ -2.2881684629282693 ; -1.4147513054256615 ; -1.3985388366983649 ; -0.8535432473880787 ; -1.266277031608862 ; -1.3640942247338286 ; -1.645467911729711 ;  ]
	[ -1.8154380751402295 ; -0.6603744274296778 ; -0.6620466925623542 ; -2.0948705606696993 ; -1.7899065457080812 ; -2.171063366606499 ; -1.1998638399546264 ;  ]
	[ -0.28668292733060496 ; -1.113070380481132 ; -2.016611960638473 ; -0.1348050532662468 ; -0.9936525691952628 ; -1.4720997879562394 ; -0.6920284536615825 ;  ]
	Корректировка весов и смещений №3
	===============================================
