	===============================================
	Корректировка весов и смещений №3

	Thu Oct  5 23:50:48 2023

	Исходный массив весов:
	[ -3.0000000000000013 ; -2.892339946883834 ; -2.667127528296815 ; -2.6368533728733046 ; -2.168899710508433 ; -2.4686978093283702 ; -3.6184930489952847 ;  ]
	[ -1.2044888939496974 ; -2.6171191534460547 ; -1.211044760600958 ; -1.8718342958192844 ; -1.7513531066797456 ; -1.2831798284056553 ; -1.8142436172289393 ;  ]
	[ -3.17496870681466 ; -2.713675575112521 ; -1.6260418826613248 ; -3.175598781802688 ; -1.466586275302681 ; -2.5636809828411558 ; -2.606739828126154 ;  ]
	[ -3.8150100359069663 ; -4.401467347089106 ; -4.352798736343434 ; -4.95124804872937 ; -5.062592201307796 ; -5.577938006093261 ; -3.923602651499359 ;  ]
	[ -2.4184127385971155 ; -2.7443926965823366 ; -3.44935881936395 ; -2.3442363869355027 ; -1.8271764893898341 ; -1.8997462144798942 ; -2.011546305196364 ;  ]
	[ -1.6956766916850452 ; -3.4650343033524518 ; -1.5505118196745102 ; -2.851603816431171 ; -1.969725172196171 ; -2.2069550128440167 ; -2.3173458441152928 ;  ]
	[ -2.138406817263252 ; -2.1546293464881416 ; -2.05429833701367 ; -2.0088557305540977 ; -2.0936764103236647 ; -2.976309242338953 ; -2.2280973116062253 ;  ]

	Исходный массив смещений:
	[ -3.0000000000000013 ; -2.500000000000001 ; -2.27397796377742 ; -2.7740735018344 ; -3.970810306296699 ; -3.7634379803052522 ; -2.998013783535227 ;  ]
	[ -2.3000000000000007 ; -1.7000000000000004 ; -2.3960657312765528 ; -3.265656234754053 ; -2.551182170861077 ; -1.7639341373975923 ; -2.288946220825345 ;  ]
	[ -1.6421837906492647 ; -2.082706267167094 ; -1.3137213945267645 ; -1.6866058815998928 ; -2.3977946695285115 ; -2.9940033451661225 ; -2.566902307037876 ;  ]
	[ -4.949364929965258 ; -5.5401594142511605 ; -4.803364057849973 ; -4.735614986925539 ; -4.97978825097195 ; -5.482726883140293 ; -5.0970449913946085 ;  ]
	[ -3.28816846292827 ; -2.4147513054256624 ; -2.3985388366983655 ; -1.8535432473880795 ; -2.2662770316088627 ; -2.3640942247338295 ; -2.6454679117297117 ;  ]
	[ -3.0154380751402305 ; -1.8603744274296785 ; -1.8620466925623549 ; -3.2948705606697004 ; -2.9899065457080822 ; -3.3710633666065 ; -2.3998638399546275 ;  ]
	[ -1.7866829273306055 ; -2.6130703804811333 ; -3.5166119606384743 ; -1.6348050532662473 ; -2.493652569195264 ; -2.9720997879562407 ; -2.1920284536615835 ;  ]

	Полученный массив весов:
	[ -3.3000000000000016 ; -3.192339946883834 ; -2.9671275282968153 ; -2.936853372873305 ; -2.4688997105084334 ; -2.7686978093283705 ; -3.918493048995285 ;  ]
	[ -1.2044888939496974 ; -2.6171191534460547 ; -1.211044760600958 ; -1.8718342958192844 ; -1.7513531066797456 ; -1.2831798284056553 ; -1.8142436172289393 ;  ]
	[ -3.17496870681466 ; -2.713675575112521 ; -1.6260418826613248 ; -3.175598781802688 ; -1.466586275302681 ; -2.5636809828411558 ; -2.606739828126154 ;  ]
	[ -3.8150100359069663 ; -4.401467347089106 ; -4.352798736343434 ; -4.95124804872937 ; -5.062592201307796 ; -5.577938006093261 ; -3.923602651499359 ;  ]
	[ -2.4184127385971155 ; -2.7443926965823366 ; -3.44935881936395 ; -2.3442363869355027 ; -1.8271764893898341 ; -1.8997462144798942 ; -2.011546305196364 ;  ]
	[ -1.6956766916850452 ; -3.4650343033524518 ; -1.5505118196745102 ; -2.851603816431171 ; -1.969725172196171 ; -2.2069550128440167 ; -2.3173458441152928 ;  ]
	[ -2.038406817263252 ; -2.0546293464881416 ; -1.95429833701367 ; -1.9088557305540976 ; -1.9936764103236646 ; -2.876309242338953 ; -2.128097311606225 ;  ]

	Полученный массив смещений:
	[ -3.3000000000000016 ; -2.800000000000001 ; -2.5739779637774203 ; -3.0740735018344 ; -4.270810306296698 ; -4.0634379803052525 ; -3.2980137835352275 ;  ]
	[ -2.3000000000000007 ; -1.7000000000000004 ; -2.3960657312765528 ; -3.265656234754053 ; -2.551182170861077 ; -1.7639341373975923 ; -2.288946220825345 ;  ]
	[ -1.6421837906492647 ; -2.082706267167094 ; -1.3137213945267645 ; -1.6866058815998928 ; -2.3977946695285115 ; -2.9940033451661225 ; -2.566902307037876 ;  ]
	[ -4.949364929965258 ; -5.5401594142511605 ; -4.803364057849973 ; -4.735614986925539 ; -4.97978825097195 ; -5.482726883140293 ; -5.0970449913946085 ;  ]
	[ -3.28816846292827 ; -2.4147513054256624 ; -2.3985388366983655 ; -1.8535432473880795 ; -2.2662770316088627 ; -2.3640942247338295 ; -2.6454679117297117 ;  ]
	[ -3.0154380751402305 ; -1.8603744274296785 ; -1.8620466925623549 ; -3.2948705606697004 ; -2.9899065457080822 ; -3.3710633666065 ; -2.3998638399546275 ;  ]
	[ -1.6866829273306054 ; -2.513070380481133 ; -3.416611960638474 ; -1.5348050532662472 ; -2.3936525691952637 ; -2.8720997879562407 ; -2.0920284536615834 ;  ]
	Корректировка весов и смещений №3
	===============================================
