	===============================================
	Корректировка весов и смещений №3

	Thu Oct  5 23:53:23 2023

	Исходный массив весов:
	[ -4.6 ; -4.492339946883833 ; -4.2671275282968155 ; -4.236853372873305 ; -3.7688997105084345 ; -4.068697809328372 ; -5.21849304899528 ;  ]
	[ -2.104488893949698 ; -3.5171191534460555 ; -2.111044760600959 ; -2.771834295819285 ; -2.651353106679746 ; -2.183179828405656 ; -2.71424361722894 ;  ]
	[ -3.97496870681466 ; -3.5136755751125217 ; -2.4260418826613255 ; -3.9755987818026886 ; -2.2665862753026818 ; -3.3636809828411565 ; -3.4067398281261547 ;  ]
	[ -4.515010035906965 ; -5.101467347089104 ; -5.052798736343432 ; -5.651248048729368 ; -5.762592201307793 ; -6.277938006093258 ; -4.623602651499357 ;  ]
	[ -4.518412738597115 ; -4.844392696582335 ; -5.549358819363945 ; -4.444236386935502 ; -3.927176489389836 ; -3.999746214479896 ; -4.111546305196365 ;  ]
	[ -2.1956766916850454 ; -3.965034303352452 ; -2.0505118196745107 ; -3.3516038164311714 ; -2.4697251721961715 ; -2.706955012844017 ; -2.817345844115293 ;  ]
	[ -2.9384068172632527 ; -2.9546293464881423 ; -2.8542983370136707 ; -2.8088557305540984 ; -2.8936764103236654 ; -3.7763092423389537 ; -3.028097311606226 ;  ]

	Исходный массив смещений:
	[ -4.6 ; -4.100000000000001 ; -3.8739779637774214 ; -4.3740735018344 ; -5.570810306296694 ; -5.363437980305248 ; -4.598013783535226 ;  ]
	[ -3.2000000000000015 ; -2.600000000000001 ; -3.2960657312765536 ; -4.165656234754053 ; -3.451182170861078 ; -2.663934137397593 ; -3.1889462208253456 ;  ]
	[ -2.442183790649265 ; -2.882706267167095 ; -2.113721394526765 ; -2.4866058815998935 ; -3.197794669528512 ; -3.7940033451661233 ; -3.3669023070378765 ;  ]
	[ -5.649364929965255 ; -6.240159414251158 ; -5.5033640578499705 ; -5.435614986925536 ; -5.6797882509719475 ; -6.18272688314029 ; -5.797044991394606 ;  ]
	[ -5.388168462928266 ; -4.514751305425662 ; -4.498538836698366 ; -3.9535432473880814 ; -4.366277031608863 ; -4.464094224733829 ; -4.74546791172971 ;  ]
	[ -3.515438075140231 ; -2.360374427429679 ; -2.3620466925623553 ; -3.794870560669701 ; -3.4899065457080827 ; -3.8710633666065006 ; -2.899863839954628 ;  ]
	[ -2.5866829273306062 ; -3.413070380481134 ; -4.316611960638474 ; -2.4348050532662477 ; -3.2936525691952645 ; -3.7720997879562415 ; -2.992028453661584 ;  ]

	Полученный массив весов:
	[ -4.6 ; -4.492339946883833 ; -4.2671275282968155 ; -4.236853372873305 ; -3.7688997105084345 ; -4.068697809328372 ; -5.21849304899528 ;  ]
	[ -2.104488893949698 ; -3.5171191534460555 ; -2.111044760600959 ; -2.771834295819285 ; -2.651353106679746 ; -2.183179828405656 ; -2.71424361722894 ;  ]
	[ -3.97496870681466 ; -3.5136755751125217 ; -2.4260418826613255 ; -3.9755987818026886 ; -2.2665862753026818 ; -3.3636809828411565 ; -3.4067398281261547 ;  ]
	[ -4.515010035906965 ; -5.101467347089104 ; -5.052798736343432 ; -5.651248048729368 ; -5.762592201307793 ; -6.277938006093258 ; -4.623602651499357 ;  ]
	[ -4.618412738597114 ; -4.944392696582335 ; -5.649358819363945 ; -4.544236386935502 ; -4.027176489389836 ; -4.099746214479896 ; -4.211546305196364 ;  ]
	[ -2.1956766916850454 ; -3.965034303352452 ; -2.0505118196745107 ; -3.3516038164311714 ; -2.4697251721961715 ; -2.706955012844017 ; -2.817345844115293 ;  ]
	[ -3.038406817263253 ; -3.0546293464881424 ; -2.954298337013671 ; -2.9088557305540985 ; -2.9936764103236655 ; -3.876309242338954 ; -3.128097311606226 ;  ]

	Полученный массив смещений:
	[ -4.6 ; -4.100000000000001 ; -3.8739779637774214 ; -4.3740735018344 ; -5.570810306296694 ; -5.363437980305248 ; -4.598013783535226 ;  ]
	[ -3.2000000000000015 ; -2.600000000000001 ; -3.2960657312765536 ; -4.165656234754053 ; -3.451182170861078 ; -2.663934137397593 ; -3.1889462208253456 ;  ]
	[ -2.442183790649265 ; -2.882706267167095 ; -2.113721394526765 ; -2.4866058815998935 ; -3.197794669528512 ; -3.7940033451661233 ; -3.3669023070378765 ;  ]
	[ -5.649364929965255 ; -6.240159414251158 ; -5.5033640578499705 ; -5.435614986925536 ; -5.6797882509719475 ; -6.18272688314029 ; -5.797044991394606 ;  ]
	[ -5.488168462928265 ; -4.614751305425662 ; -4.598538836698365 ; -4.053543247388081 ; -4.466277031608863 ; -4.564094224733829 ; -4.84546791172971 ;  ]
	[ -3.515438075140231 ; -2.360374427429679 ; -2.3620466925623553 ; -3.794870560669701 ; -3.4899065457080827 ; -3.8710633666065006 ; -2.899863839954628 ;  ]
	[ -2.6866829273306063 ; -3.513070380481134 ; -4.416611960638473 ; -2.534805053266248 ; -3.3936525691952646 ; -3.8720997879562415 ; -3.0920284536615843 ;  ]
	Корректировка весов и смещений №3
	===============================================
