	===============================================
	Корректировка весов и смещений №3

	Thu Oct  5 23:40:01 2023

	Исходный массив весов:
	[ -0.9999999999999999 ; -0.8923399468838323 ; -0.6671275282968137 ; -0.6368533728733032 ; -0.16889971050843236 ; -0.46869780932836935 ; -1.618493048995283 ;  ]
	[ -0.10448889394969718 ; -1.5171191534460537 ; -0.1110447606009578 ; -0.771834295819284 ; -0.651353106679745 ; -0.18317982840565508 ; -0.7142436172289387 ;  ]
	[ -1.774968706814659 ; -1.3136755751125198 ; -0.22604188266132433 ; -1.7755987818026868 ; -0.0665862753026808 ; -1.1636809828411545 ; -1.206739828126153 ;  ]
	[ -0.01501003590696412 ; -0.6014673470891057 ; -0.5527987363434328 ; -1.1512480487293717 ; -1.262592201307797 ; -1.7779380060932646 ; -0.12360265149935679 ;  ]
	[ -0.9184127385971145 ; -1.2443926965823353 ; -1.9493588193639488 ; -0.8442363869355015 ; -0.3271764893898337 ; -0.39974621447989356 ; -0.511546305196363 ;  ]
	[ -0.19567669168504473 ; -1.9650343033524504 ; -0.050511819674509906 ; -1.3516038164311697 ; -0.4697251721961704 ; -0.7069550128440159 ; -0.8173458441152917 ;  ]
	[ -0.638406817263251 ; -0.6546293464881409 ; -0.5542983370136695 ; -0.5088557305540969 ; -0.5936764103236641 ; -1.4763092423389517 ; -0.7280973116062243 ;  ]

	Исходный массив смещений:
	[ -0.9999999999999999 ; -0.5 ; -0.27397796377741906 ; -0.7740735018343984 ; -1.970810306296697 ; -1.7634379803052505 ; -0.9980137835352255 ;  ]
	[ -1.2 ; -0.6 ; -1.2960657312765518 ; -2.165656234754052 ; -1.4511821708610764 ; -0.6639341373975918 ; -1.1889462208253438 ;  ]
	[ -0.24218379064926424 ; -0.6827062671670935 ; 0.08627860547323579 ; -0.2866058815998924 ; -0.9977946695285106 ; -1.5940033451661215 ; -1.1669023070378746 ;  ]
	[ -1.1493649299652589 ; -1.7401594142511638 ; -1.0033640578499734 ; -0.9356149869255391 ; -1.179788250971951 ; -1.6827268831402964 ; -1.2970449913946096 ;  ]
	[ -1.7881684629282688 ; -0.9147513054256612 ; -0.8985388366983645 ; -0.35354324738807885 ; -0.766277031608862 ; -0.8640942247338282 ; -1.1454679117297106 ;  ]
	[ -1.5154380751402292 ; -0.36037442742967785 ; -0.3620466925623542 ; -1.7948705606696993 ; -1.489906545708081 ; -1.8710633666064989 ; -0.8998638399546264 ;  ]
	[ -0.2866829273306049 ; -1.113070380481132 ; -2.016611960638473 ; -0.1348050532662468 ; -0.9936525691952627 ; -1.4720997879562394 ; -0.6920284536615825 ;  ]

	Полученный массив весов:
	[ -1.0999999999999999 ; -0.9923399468838323 ; -0.7671275282968136 ; -0.7368533728733032 ; -0.26889971050843237 ; -0.5686978093283693 ; -1.718493048995283 ;  ]
	[ -0.2044888939496972 ; -1.6171191534460538 ; -0.2110447606009578 ; -0.871834295819284 ; -0.751353106679745 ; -0.2831798284056551 ; -0.8142436172289387 ;  ]
	[ -1.874968706814659 ; -1.4136755751125198 ; -0.32604188266132433 ; -1.875598781802687 ; -0.1665862753026808 ; -1.2636809828411546 ; -1.306739828126153 ;  ]
	[ -0.01501003590696412 ; -0.6014673470891057 ; -0.5527987363434328 ; -1.1512480487293717 ; -1.262592201307797 ; -1.7779380060932646 ; -0.12360265149935679 ;  ]
	[ -0.9184127385971145 ; -1.2443926965823353 ; -1.9493588193639488 ; -0.8442363869355015 ; -0.3271764893898337 ; -0.39974621447989356 ; -0.511546305196363 ;  ]
	[ -0.19567669168504473 ; -1.9650343033524504 ; -0.050511819674509906 ; -1.3516038164311697 ; -0.4697251721961704 ; -0.7069550128440159 ; -0.8173458441152917 ;  ]
	[ -0.538406817263251 ; -0.5546293464881409 ; -0.4542983370136695 ; -0.40885573055409696 ; -0.49367641032366416 ; -1.3763092423389516 ; -0.6280973116062243 ;  ]

	Полученный массив смещений:
	[ -1.0999999999999999 ; -0.6 ; -0.3739779637774191 ; -0.8740735018343984 ; -2.070810306296697 ; -1.8634379803052505 ; -1.0980137835352255 ;  ]
	[ -1.3 ; -0.7 ; -1.3960657312765519 ; -2.265656234754052 ; -1.5511821708610765 ; -0.7639341373975918 ; -1.288946220825344 ;  ]
	[ -0.34218379064926424 ; -0.7827062671670935 ; -0.013721394526764213 ; -0.3866058815998924 ; -1.0977946695285106 ; -1.6940033451661216 ; -1.2669023070378747 ;  ]
	[ -1.1493649299652589 ; -1.7401594142511638 ; -1.0033640578499734 ; -0.9356149869255391 ; -1.179788250971951 ; -1.6827268831402964 ; -1.2970449913946096 ;  ]
	[ -1.7881684629282688 ; -0.9147513054256612 ; -0.8985388366983645 ; -0.35354324738807885 ; -0.766277031608862 ; -0.8640942247338282 ; -1.1454679117297106 ;  ]
	[ -1.5154380751402292 ; -0.36037442742967785 ; -0.3620466925623542 ; -1.7948705606696993 ; -1.489906545708081 ; -1.8710633666064989 ; -0.8998638399546264 ;  ]
	[ -0.1866829273306049 ; -1.0130703804811318 ; -1.9166119606384728 ; -0.034805053266246805 ; -0.8936525691952627 ; -1.3720997879562393 ; -0.5920284536615825 ;  ]
	Корректировка весов и смещений №3
	===============================================
