	===============================================
	Корректировка весов и смещений №3

	Thu Oct  5 23:31:53 2023

	Исходный массив весов:
	[ -0.5 ; -0.39233994688383245 ; -0.16712752829681368 ; -0.13685337287330324 ; 0.33110028949156767 ; 0.031302190671630675 ; -1.1184930489952825 ;  ]
	[ 0.19551110605030284 ; -1.2171191534460535 ; 0.1889552393990422 ; -0.47183429581928404 ; -0.35135310667974506 ; 0.11682017159434493 ; -0.41424361722893877 ;  ]
	[ -1.2749687068146585 ; -0.8136755751125194 ; 0.2739581173386757 ; -1.2755987818026864 ; 0.4334137246973192 ; -0.6636809828411544 ; -0.7067398281261529 ;  ]
	[ 0.5849899640930358 ; -0.0014673470891056473 ; 0.04720126365656721 ; -0.5512480487293716 ; -0.662592201307797 ; -1.177938006093264 ; 0.4763973485006432 ;  ]
	[ 0.08158726140288547 ; -0.24439269658233528 ; -0.9493588193639481 ; 0.15576361306449846 ; 0.6728235106101663 ; 0.6002537855201064 ; 0.488453694803637 ;  ]
	[ -0.2956766916850447 ; -2.0650343033524505 ; -0.1505118196745099 ; -1.4516038164311698 ; -0.5697251721961704 ; -0.8069550128440158 ; -0.9173458441152915 ;  ]
	[ 0.361593182736749 ; 0.34537065351185914 ; 0.4457016629863305 ; 0.49114426944590306 ; 0.40632358967633586 ; -0.47630924233895133 ; 0.27190268839377574 ;  ]

	Исходный массив смещений:
	[ -0.5 ; 2.7755575615628914e-17 ; 0.22602203622258096 ; -0.2740735018343985 ; -1.4708103062966966 ; -1.26343798030525 ; -0.49801378353522563 ;  ]
	[ -0.8999999999999999 ; -0.3 ; -0.9960657312765515 ; -1.865656234754052 ; -1.151182170861076 ; -0.36393413739759184 ; -0.8889462208253438 ;  ]
	[ 0.2578162093507358 ; -0.18270626716709357 ; 0.5862786054732357 ; 0.21339411840010766 ; -0.4977946695285106 ; -1.094003345166121 ; -0.6669023070378745 ;  ]
	[ -0.5493649299652589 ; -1.1401594142511633 ; -0.4033640578499734 ; -0.33561498692553926 ; -0.579788250971951 ; -1.0827268831402959 ; -0.6970449913946095 ;  ]
	[ -0.7881684629282683 ; 0.08524869457433876 ; 0.1014611633016354 ; 0.6464567526119211 ; 0.23372296839113801 ; 0.1359057752661717 ; -0.14546791172971063 ;  ]
	[ -1.6154380751402293 ; -0.4603744274296778 ; -0.4620466925623542 ; -1.8948705606696994 ; -1.589906545708081 ; -1.971063366606499 ; -0.9998638399546262 ;  ]
	[ 0.713317072669395 ; -0.11307038048113185 ; -1.016611960638472 ; 0.8651949467337531 ; 0.006347430804737181 ; -0.4720997879562391 ; 0.3079715463384175 ;  ]

	Полученный массив весов:
	[ -0.5 ; -0.39233994688383245 ; -0.16712752829681368 ; -0.13685337287330324 ; 0.33110028949156767 ; 0.031302190671630675 ; -1.1184930489952825 ;  ]
	[ 0.29551110605030284 ; -1.1171191534460534 ; 0.2889552393990422 ; -0.37183429581928407 ; -0.2513531066797451 ; 0.21682017159434494 ; -0.3142436172289388 ;  ]
	[ -1.2749687068146585 ; -0.8136755751125194 ; 0.2739581173386757 ; -1.2755987818026864 ; 0.4334137246973192 ; -0.6636809828411544 ; -0.7067398281261529 ;  ]
	[ 0.48498996409303585 ; -0.10146734708910565 ; -0.052798736343432795 ; -0.6512480487293716 ; -0.7625922013077969 ; -1.2779380060932641 ; 0.3763973485006432 ;  ]
	[ -0.018412738597114536 ; -0.3443926965823353 ; -1.049358819363948 ; 0.05576361306449845 ; 0.5728235106101663 ; 0.5002537855201065 ; 0.388453694803637 ;  ]
	[ -0.3956766916850447 ; -2.1650343033524506 ; -0.2505118196745099 ; -1.5516038164311698 ; -0.6697251721961703 ; -0.9069550128440158 ; -1.0173458441152916 ;  ]
	[ 0.361593182736749 ; 0.34537065351185914 ; 0.4457016629863305 ; 0.49114426944590306 ; 0.40632358967633586 ; -0.47630924233895133 ; 0.27190268839377574 ;  ]

	Полученный массив смещений:
	[ -0.5 ; 2.7755575615628914e-17 ; 0.22602203622258096 ; -0.2740735018343985 ; -1.4708103062966966 ; -1.26343798030525 ; -0.49801378353522563 ;  ]
	[ -0.7999999999999999 ; -0.19999999999999998 ; -0.8960657312765515 ; -1.7656562347540519 ; -1.051182170861076 ; -0.26393413739759186 ; -0.7889462208253438 ;  ]
	[ 0.2578162093507358 ; -0.18270626716709357 ; 0.5862786054732357 ; 0.21339411840010766 ; -0.4977946695285106 ; -1.094003345166121 ; -0.6669023070378745 ;  ]
	[ -0.6493649299652589 ; -1.2401594142511634 ; -0.5033640578499734 ; -0.43561498692553924 ; -0.679788250971951 ; -1.182726883140296 ; -0.7970449913946095 ;  ]
	[ -0.8881684629282682 ; -0.014751305425661249 ; 0.0014611633016353986 ; 0.5464567526119212 ; 0.133722968391138 ; 0.0359057752661717 ; -0.24546791172971064 ;  ]
	[ -1.7154380751402294 ; -0.5603744274296778 ; -0.5620466925623542 ; -1.9948705606696995 ; -1.689906545708081 ; -2.071063366606499 ; -1.0998638399546263 ;  ]
	[ 0.713317072669395 ; -0.11307038048113185 ; -1.016611960638472 ; 0.8651949467337531 ; 0.006347430804737181 ; -0.4720997879562391 ; 0.3079715463384175 ;  ]
	Корректировка весов и смещений №3
	===============================================
