	===============================================
	Корректировка весов и смещений №3

	Thu Oct  5 23:46:59 2023

	Исходный массив весов:
	[ -1.6000000000000003 ; -1.4923399468838328 ; -1.2671275282968137 ; -1.2368533728733033 ; -0.7688997105084323 ; -1.0686978093283692 ; -2.2184930489952834 ;  ]
	[ -0.6044888939496972 ; -2.017119153446054 ; -0.6110447606009578 ; -1.271834295819284 ; -1.151353106679745 ; -0.683179828405655 ; -1.2142436172289388 ;  ]
	[ -2.4749687068146593 ; -2.0136755751125204 ; -0.9260418826613243 ; -2.475598781802687 ; -0.7665862753026808 ; -1.8636809828411551 ; -1.9067398281261536 ;  ]
	[ -2.6150100359069652 ; -3.2014673470891073 ; -3.1527987363434344 ; -3.751248048729374 ; -3.862592201307799 ; -4.377938006093265 ; -2.723602651499358 ;  ]
	[ -2.4184127385971155 ; -2.7443926965823366 ; -3.44935881936395 ; -2.3442363869355027 ; -1.8271764893898343 ; -1.8997462144798942 ; -2.011546305196364 ;  ]
	[ -1.2956766916850448 ; -3.0650343033524514 ; -1.1505118196745099 ; -2.4516038164311706 ; -1.5697251721961707 ; -1.8069550128440166 ; -1.9173458441152924 ;  ]
	[ -1.038406817263251 ; -1.0546293464881409 ; -0.9542983370136694 ; -0.9088557305540969 ; -0.993676410323664 ; -1.876309242338952 ; -1.1280973116062243 ;  ]

	Исходный массив смещений:
	[ -1.6000000000000003 ; -1.0999999999999999 ; -0.873977963777419 ; -1.3740735018343986 ; -2.5708103062966976 ; -2.363437980305251 ; -1.598013783535226 ;  ]
	[ -1.7000000000000004 ; -1.0999999999999999 ; -1.7960657312765522 ; -2.6656562347540524 ; -1.9511821708610766 ; -1.1639341373975918 ; -1.6889462208253443 ;  ]
	[ -0.9421837906492642 ; -1.3827062671670938 ; -0.6137213945267642 ; -0.9866058815998923 ; -1.697794669528511 ; -2.294003345166122 ; -1.8669023070378752 ;  ]
	[ -3.749364929965261 ; -4.340159414251165 ; -3.6033640578499755 ; -3.535614986925541 ; -3.7797882509719534 ; -4.282726883140297 ; -3.897044991394612 ;  ]
	[ -3.28816846292827 ; -2.4147513054256624 ; -2.3985388366983655 ; -1.8535432473880795 ; -2.2662770316088627 ; -2.3640942247338295 ; -2.6454679117297117 ;  ]
	[ -2.61543807514023 ; -1.4603744274296782 ; -1.4620466925623545 ; -2.8948705606697 ; -2.589906545708082 ; -2.9710633666065 ; -1.9998638399546271 ;  ]
	[ -0.6866829273306049 ; -1.5130703804811323 ; -2.4166119606384733 ; -0.5348050532662468 ; -1.393652569195263 ; -1.8720997879562398 ; -1.0920284536615825 ;  ]

	Полученный массив весов:
	[ -1.6000000000000003 ; -1.4923399468838328 ; -1.2671275282968137 ; -1.2368533728733033 ; -0.7688997105084323 ; -1.0686978093283692 ; -2.2184930489952834 ;  ]
	[ -0.6044888939496972 ; -2.017119153446054 ; -0.6110447606009578 ; -1.271834295819284 ; -1.151353106679745 ; -0.683179828405655 ; -1.2142436172289388 ;  ]
	[ -2.374968706814659 ; -1.9136755751125203 ; -0.8260418826613243 ; -2.375598781802687 ; -0.6665862753026808 ; -1.763680982841155 ; -1.8067398281261535 ;  ]
	[ -2.7150100359069653 ; -3.3014673470891074 ; -3.2527987363434345 ; -3.851248048729374 ; -3.962592201307799 ; -4.4779380060932645 ; -2.823602651499358 ;  ]
	[ -2.5184127385971156 ; -2.8443926965823367 ; -3.5493588193639503 ; -2.444236386935503 ; -1.9271764893898344 ; -1.9997462144798943 ; -2.111546305196364 ;  ]
	[ -1.2956766916850448 ; -3.0650343033524514 ; -1.1505118196745099 ; -2.4516038164311706 ; -1.5697251721961707 ; -1.8069550128440166 ; -1.9173458441152924 ;  ]
	[ -1.138406817263251 ; -1.154629346488141 ; -1.0542983370136694 ; -1.0088557305540968 ; -1.093676410323664 ; -1.976309242338952 ; -1.2280973116062244 ;  ]

	Полученный массив смещений:
	[ -1.6000000000000003 ; -1.0999999999999999 ; -0.873977963777419 ; -1.3740735018343986 ; -2.5708103062966976 ; -2.363437980305251 ; -1.598013783535226 ;  ]
	[ -1.7000000000000004 ; -1.0999999999999999 ; -1.7960657312765522 ; -2.6656562347540524 ; -1.9511821708610766 ; -1.1639341373975918 ; -1.6889462208253443 ;  ]
	[ -0.8421837906492642 ; -1.2827062671670937 ; -0.5137213945267642 ; -0.8866058815998923 ; -1.597794669528511 ; -2.194003345166122 ; -1.766902307037875 ;  ]
	[ -3.8493649299652613 ; -4.4401594142511644 ; -3.7033640578499756 ; -3.635614986925541 ; -3.8797882509719535 ; -4.382726883140297 ; -3.997044991394612 ;  ]
	[ -3.3881684629282702 ; -2.5147513054256625 ; -2.4985388366983656 ; -1.9535432473880796 ; -2.366277031608863 ; -2.4640942247338296 ; -2.745467911729712 ;  ]
	[ -2.61543807514023 ; -1.4603744274296782 ; -1.4620466925623545 ; -2.8948705606697 ; -2.589906545708082 ; -2.9710633666065 ; -1.9998638399546271 ;  ]
	[ -0.7866829273306049 ; -1.6130703804811324 ; -2.5166119606384734 ; -0.6348050532662468 ; -1.4936525691952631 ; -1.9720997879562399 ; -1.1920284536615826 ;  ]
	Корректировка весов и смещений №3
	===============================================
