	===============================================
	Корректировка весов и смещений №3

	Thu Oct  5 23:33:15 2023

	Исходный массив весов:
	[ -0.7999999999999999 ; -0.6923399468838324 ; -0.4671275282968137 ; -0.4368533728733033 ; 0.03110028949156765 ; -0.26869780932836934 ; -1.4184930489952827 ;  ]
	[ -0.004488893949697176 ; -1.4171191534460537 ; -0.011044760600957798 ; -0.671834295819284 ; -0.551353106679745 ; -0.08317982840565508 ; -0.6142436172289387 ;  ]
	[ -1.6749687068146588 ; -1.2136755751125197 ; -0.12604188266132432 ; -1.6755987818026867 ; 0.03341372469731921 ; -1.0636809828411544 ; -1.106739828126153 ;  ]
	[ 0.1849899640930359 ; -0.4014673470891057 ; -0.35279873634343284 ; -0.9512480487293715 ; -1.0625922013077969 ; -1.5779380060932644 ; 0.07639734850064323 ;  ]
	[ -0.7184127385971145 ; -1.0443926965823351 ; -1.7493588193639487 ; -0.6442363869355016 ; -0.1271764893898336 ; -0.19974621447989352 ; -0.311546305196363 ;  ]
	[ -0.3956766916850447 ; -2.1650343033524506 ; -0.2505118196745099 ; -1.5516038164311698 ; -0.6697251721961703 ; -0.9069550128440158 ; -1.0173458441152916 ;  ]
	[ -0.038406817263250986 ; -0.054629346488140884 ; 0.04570166298633052 ; 0.09114426944590309 ; 0.006323589676335867 ; -0.8763092423389512 ; -0.12809731160622428 ;  ]

	Исходный массив смещений:
	[ -0.7999999999999999 ; -0.3 ; -0.07397796377741905 ; -0.5740735018343984 ; -1.770810306296697 ; -1.5634379803052503 ; -0.7980137835352256 ;  ]
	[ -1.0999999999999999 ; -0.5 ; -1.1960657312765517 ; -2.065656234754052 ; -1.3511821708610763 ; -0.5639341373975918 ; -1.0889462208253438 ;  ]
	[ -0.14218379064926423 ; -0.5827062671670935 ; 0.1862786054732358 ; -0.18660588159989236 ; -0.8977946695285105 ; -1.4940033451661214 ; -1.0669023070378745 ;  ]
	[ -0.9493649299652588 ; -1.5401594142511636 ; -0.8033640578499733 ; -0.7356149869255392 ; -0.9797882509719509 ; -1.4827268831402962 ; -1.0970449913946094 ;  ]
	[ -1.5881684629282686 ; -0.7147513054256612 ; -0.6985388366983646 ; -0.1535432473880788 ; -0.566277031608862 ; -0.6640942247338283 ; -0.9454679117297106 ;  ]
	[ -1.7154380751402294 ; -0.5603744274296778 ; -0.5620466925623542 ; -1.9948705606696995 ; -1.689906545708081 ; -2.071063366606499 ; -1.0998638399546263 ;  ]
	[ 0.3133170726693951 ; -0.5130703804811318 ; -1.4166119606384724 ; 0.46519494673375317 ; -0.3936525691952628 ; -0.872099787956239 ; -0.09202845366158252 ;  ]

	Полученный массив весов:
	[ -0.8999999999999999 ; -0.7923399468838324 ; -0.5671275282968137 ; -0.5368533728733033 ; -0.06889971050843235 ; -0.3686978093283694 ; -1.5184930489952828 ;  ]
	[ -0.004488893949697176 ; -1.4171191534460537 ; -0.011044760600957798 ; -0.671834295819284 ; -0.551353106679745 ; -0.08317982840565508 ; -0.6142436172289387 ;  ]
	[ -1.6749687068146588 ; -1.2136755751125197 ; -0.12604188266132432 ; -1.6755987818026867 ; 0.03341372469731921 ; -1.0636809828411544 ; -1.106739828126153 ;  ]
	[ 0.08498996409303589 ; -0.5014673470891057 ; -0.4527987363434328 ; -1.0512480487293716 ; -1.162592201307797 ; -1.6779380060932645 ; -0.02360265149935678 ;  ]
	[ -0.7184127385971145 ; -1.0443926965823351 ; -1.7493588193639487 ; -0.6442363869355016 ; -0.1271764893898336 ; -0.19974621447989352 ; -0.311546305196363 ;  ]
	[ -0.29567669168504473 ; -2.0650343033524505 ; -0.1505118196745099 ; -1.4516038164311698 ; -0.5697251721961704 ; -0.8069550128440158 ; -0.9173458441152916 ;  ]
	[ -0.138406817263251 ; -0.1546293464881409 ; -0.054298337013669484 ; -0.008855730554096913 ; -0.09367641032366414 ; -0.9763092423389512 ; -0.2280973116062243 ;  ]

	Полученный массив смещений:
	[ -0.8999999999999999 ; -0.4 ; -0.17397796377741906 ; -0.6740735018343984 ; -1.870810306296697 ; -1.6634379803052504 ; -0.8980137835352255 ;  ]
	[ -1.0999999999999999 ; -0.5 ; -1.1960657312765517 ; -2.065656234754052 ; -1.3511821708610763 ; -0.5639341373975918 ; -1.0889462208253438 ;  ]
	[ -0.14218379064926423 ; -0.5827062671670935 ; 0.1862786054732358 ; -0.18660588159989236 ; -0.8977946695285105 ; -1.4940033451661214 ; -1.0669023070378745 ;  ]
	[ -1.0493649299652588 ; -1.6401594142511637 ; -0.9033640578499733 ; -0.8356149869255391 ; -1.079788250971951 ; -1.5827268831402963 ; -1.1970449913946095 ;  ]
	[ -1.5881684629282686 ; -0.7147513054256612 ; -0.6985388366983646 ; -0.1535432473880788 ; -0.566277031608862 ; -0.6640942247338283 ; -0.9454679117297106 ;  ]
	[ -1.6154380751402293 ; -0.4603744274296778 ; -0.4620466925623542 ; -1.8948705606696994 ; -1.589906545708081 ; -1.971063366606499 ; -0.9998638399546264 ;  ]
	[ 0.21331707266939512 ; -0.6130703804811318 ; -1.5166119606384725 ; 0.3651949467337532 ; -0.4936525691952628 ; -0.972099787956239 ; -0.19202845366158253 ;  ]
	Корректировка весов и смещений №3
	===============================================
