	===============================================
	Корректировка весов и смещений №3

	Thu Oct  5 23:45:28 2023

	Исходный массив весов:
	[ -1.5000000000000002 ; -1.3923399468838327 ; -1.1671275282968137 ; -1.1368533728733032 ; -0.6688997105084323 ; -0.9686978093283692 ; -2.1184930489952833 ;  ]
	[ -0.4044888939496972 ; -1.817119153446054 ; -0.41104476060095785 ; -1.071834295819284 ; -0.951353106679745 ; -0.4831798284056551 ; -1.0142436172289386 ;  ]
	[ -2.274968706814659 ; -1.8136755751125202 ; -0.7260418826613243 ; -2.275598781802687 ; -0.5665862753026808 ; -1.663680982841155 ; -1.7067398281261534 ;  ]
	[ -1.6150100359069646 ; -2.2014673470891064 ; -2.1527987363434335 ; -2.751248048729373 ; -2.8625922013077982 ; -3.3779380060932658 ; -1.7236026514993574 ;  ]
	[ -1.8184127385971152 ; -2.144392696582336 ; -2.8493588193639496 ; -1.7442363869355022 ; -1.2271764893898338 ; -1.2997462144798937 ; -1.4115463051963633 ;  ]
	[ -0.5956766916850447 ; -2.365034303352451 ; -0.45051181967450993 ; -1.75160381643117 ; -0.8697251721961703 ; -1.106955012844016 ; -1.2173458441152918 ;  ]
	[ -0.838406817263251 ; -0.8546293464881408 ; -0.7542983370136694 ; -0.7088557305540969 ; -0.7936764103236641 ; -1.6763092423389518 ; -0.9280973116062242 ;  ]

	Исходный массив смещений:
	[ -1.5000000000000002 ; -0.9999999999999999 ; -0.773977963777419 ; -1.2740735018343985 ; -2.4708103062966975 ; -2.263437980305251 ; -1.4980137835352259 ;  ]
	[ -1.5000000000000002 ; -0.8999999999999999 ; -1.596065731276552 ; -2.4656562347540523 ; -1.7511821708610766 ; -0.9639341373975917 ; -1.4889462208253441 ;  ]
	[ -0.7421837906492642 ; -1.1827062671670936 ; -0.41372139452676426 ; -0.7866058815998923 ; -1.497794669528511 ; -2.0940033451661217 ; -1.666902307037875 ;  ]
	[ -2.7493649299652603 ; -3.3401594142511652 ; -2.6033640578499746 ; -2.53561498692554 ; -2.7797882509719525 ; -3.2827268831402976 ; -2.897044991394611 ;  ]
	[ -2.6881684629282696 ; -1.8147513054256619 ; -1.7985388366983652 ; -1.253543247388079 ; -1.6662770316088624 ; -1.764094224733829 ; -2.045467911729711 ;  ]
	[ -1.9154380751402296 ; -0.7603744274296778 ; -0.7620466925623541 ; -2.1948705606696994 ; -1.8899065457080813 ; -2.271063366606499 ; -1.2998638399546265 ;  ]
	[ -0.4866829273306049 ; -1.3130703804811321 ; -2.216611960638473 ; -0.3348050532662468 ; -1.1936525691952629 ; -1.6720997879562396 ; -0.8920284536615825 ;  ]

	Полученный массив весов:
	[ -1.5000000000000002 ; -1.3923399468838327 ; -1.1671275282968137 ; -1.1368533728733032 ; -0.6688997105084323 ; -0.9686978093283692 ; -2.1184930489952833 ;  ]
	[ -0.4044888939496972 ; -1.817119153446054 ; -0.41104476060095785 ; -1.071834295819284 ; -0.951353106679745 ; -0.4831798284056551 ; -1.0142436172289386 ;  ]
	[ -2.174968706814659 ; -1.71367557511252 ; -0.6260418826613243 ; -2.175598781802687 ; -0.4665862753026808 ; -1.5636809828411549 ; -1.6067398281261533 ;  ]
	[ -1.7150100359069647 ; -2.3014673470891065 ; -2.2527987363434336 ; -2.851248048729373 ; -2.9625922013077983 ; -3.477938006093266 ; -1.8236026514993575 ;  ]
	[ -1.9184127385971153 ; -2.244392696582336 ; -2.9493588193639497 ; -1.8442363869355023 ; -1.327176489389834 ; -1.3997462144798938 ; -1.5115463051963633 ;  ]
	[ -0.5956766916850447 ; -2.365034303352451 ; -0.45051181967450993 ; -1.75160381643117 ; -0.8697251721961703 ; -1.106955012844016 ; -1.2173458441152918 ;  ]
	[ -0.9384068172632509 ; -0.9546293464881408 ; -0.8542983370136694 ; -0.8088557305540969 ; -0.8936764103236641 ; -1.776309242338952 ; -1.0280973116062242 ;  ]

	Полученный массив смещений:
	[ -1.5000000000000002 ; -0.9999999999999999 ; -0.773977963777419 ; -1.2740735018343985 ; -2.4708103062966975 ; -2.263437980305251 ; -1.4980137835352259 ;  ]
	[ -1.5000000000000002 ; -0.8999999999999999 ; -1.596065731276552 ; -2.4656562347540523 ; -1.7511821708610766 ; -0.9639341373975917 ; -1.4889462208253441 ;  ]
	[ -0.6421837906492642 ; -1.0827062671670935 ; -0.3137213945267643 ; -0.6866058815998923 ; -1.3977946695285108 ; -1.9940033451661217 ; -1.566902307037875 ;  ]
	[ -2.8493649299652604 ; -3.4401594142511653 ; -2.7033640578499747 ; -2.6356149869255403 ; -2.8797882509719526 ; -3.3827268831402977 ; -2.997044991394611 ;  ]
	[ -2.7881684629282697 ; -1.914751305425662 ; -1.8985388366983653 ; -1.353543247388079 ; -1.7662770316088625 ; -1.864094224733829 ; -2.1454679117297113 ;  ]
	[ -1.9154380751402296 ; -0.7603744274296778 ; -0.7620466925623541 ; -2.1948705606696994 ; -1.8899065457080813 ; -2.271063366606499 ; -1.2998638399546265 ;  ]
	[ -0.5866829273306049 ; -1.4130703804811322 ; -2.316611960638473 ; -0.43480505326624685 ; -1.293652569195263 ; -1.7720997879562397 ; -0.9920284536615824 ;  ]
	Корректировка весов и смещений №3
	===============================================
