	===============================================
	Корректировка весов и смещений №3

	Thu Oct  5 23:32:39 2023

	Исходный массив весов:
	[ -0.7 ; -0.5923399468838324 ; -0.3671275282968137 ; -0.33685337287330325 ; 0.13110028949156766 ; -0.16869780932836934 ; -1.3184930489952826 ;  ]
	[ 0.19551110605030284 ; -1.2171191534460535 ; 0.1889552393990422 ; -0.47183429581928404 ; -0.35135310667974506 ; 0.11682017159434493 ; -0.41424361722893877 ;  ]
	[ -1.5749687068146587 ; -1.1136755751125196 ; -0.026041882661324317 ; -1.5755987818026866 ; 0.1334137246973192 ; -0.9636809828411543 ; -1.0067398281261528 ;  ]
	[ 0.48498996409303585 ; -0.10146734708910565 ; -0.052798736343432795 ; -0.6512480487293716 ; -0.7625922013077969 ; -1.2779380060932641 ; 0.3763973485006432 ;  ]
	[ -0.4184127385971146 ; -0.7443926965823352 ; -1.4493588193639484 ; -0.34423638693550157 ; 0.1728235106101664 ; 0.1002537855201065 ; -0.011546305196362988 ;  ]
	[ -0.3956766916850447 ; -2.1650343033524506 ; -0.2505118196745099 ; -1.5516038164311698 ; -0.6697251721961703 ; -0.9069550128440158 ; -1.0173458441152916 ;  ]
	[ 0.16159318273674902 ; 0.14537065351185913 ; 0.24570166298633053 ; 0.2911442694459031 ; 0.20632358967633588 ; -0.6763092423389513 ; 0.07190268839377573 ;  ]

	Исходный массив смещений:
	[ -0.7 ; -0.19999999999999998 ; 0.026022036222580952 ; -0.47407350183439845 ; -1.6708103062966968 ; -1.4634379803052502 ; -0.6980137835352256 ;  ]
	[ -0.8999999999999999 ; -0.3 ; -0.9960657312765515 ; -1.865656234754052 ; -1.151182170861076 ; -0.36393413739759184 ; -0.8889462208253438 ;  ]
	[ -0.042183790649264225 ; -0.48270626716709353 ; 0.2862786054732358 ; -0.08660588159989235 ; -0.7977946695285105 ; -1.3940033451661213 ; -0.9669023070378744 ;  ]
	[ -0.6493649299652589 ; -1.2401594142511634 ; -0.5033640578499734 ; -0.43561498692553924 ; -0.679788250971951 ; -1.182726883140296 ; -0.7970449913946095 ;  ]
	[ -1.2881684629282684 ; -0.4147513054256613 ; -0.39853883669836465 ; 0.1464567526119212 ; -0.266277031608862 ; -0.36409422473382835 ; -0.6454679117297106 ;  ]
	[ -1.7154380751402294 ; -0.5603744274296778 ; -0.5620466925623542 ; -1.9948705606696995 ; -1.689906545708081 ; -2.071063366606499 ; -1.0998638399546263 ;  ]
	[ 0.5133170726693951 ; -0.3130703804811319 ; -1.2166119606384722 ; 0.6651949467337531 ; -0.19365256919526283 ; -0.672099787956239 ; 0.10797154633841749 ;  ]

	Полученный массив весов:
	[ -0.7 ; -0.5923399468838324 ; -0.3671275282968137 ; -0.33685337287330325 ; 0.13110028949156766 ; -0.16869780932836934 ; -1.3184930489952826 ;  ]
	[ 0.09551110605030283 ; -1.3171191534460536 ; 0.08895523939904221 ; -0.571834295819284 ; -0.45135310667974504 ; 0.01682017159434493 ; -0.5142436172289387 ;  ]
	[ -1.5749687068146587 ; -1.1136755751125196 ; -0.026041882661324317 ; -1.5755987818026866 ; 0.1334137246973192 ; -0.9636809828411543 ; -1.0067398281261528 ;  ]
	[ 0.3849899640930359 ; -0.20146734708910566 ; -0.1527987363434328 ; -0.7512480487293716 ; -0.8625922013077969 ; -1.3779380060932642 ; 0.27639734850064324 ;  ]
	[ -0.5184127385971146 ; -0.8443926965823352 ; -1.5493588193639485 ; -0.4442363869355016 ; 0.0728235106101664 ; 0.000253785520106492 ; -0.111546305196363 ;  ]
	[ -0.3956766916850447 ; -2.1650343033524506 ; -0.2505118196745099 ; -1.5516038164311698 ; -0.6697251721961703 ; -0.9069550128440158 ; -1.0173458441152916 ;  ]
	[ 0.26159318273674903 ; 0.24537065351185913 ; 0.34570166298633054 ; 0.3911442694459031 ; 0.3063235896763359 ; -0.5763092423389513 ; 0.17190268839377573 ;  ]

	Полученный массив смещений:
	[ -0.7 ; -0.19999999999999998 ; 0.026022036222580952 ; -0.47407350183439845 ; -1.6708103062966968 ; -1.4634379803052502 ; -0.6980137835352256 ;  ]
	[ -0.9999999999999999 ; -0.4 ; -1.0960657312765516 ; -1.965656234754052 ; -1.2511821708610762 ; -0.4639341373975918 ; -0.9889462208253438 ;  ]
	[ -0.042183790649264225 ; -0.48270626716709353 ; 0.2862786054732358 ; -0.08660588159989235 ; -0.7977946695285105 ; -1.3940033451661213 ; -0.9669023070378744 ;  ]
	[ -0.7493649299652588 ; -1.3401594142511635 ; -0.6033640578499734 ; -0.5356149869255392 ; -0.7797882509719509 ; -1.282726883140296 ; -0.8970449913946095 ;  ]
	[ -1.3881684629282685 ; -0.5147513054256613 ; -0.49853883669836463 ; 0.0464567526119212 ; -0.36627703160886205 ; -0.46409422473382833 ; -0.7454679117297106 ;  ]
	[ -1.7154380751402294 ; -0.5603744274296778 ; -0.5620466925623542 ; -1.9948705606696995 ; -1.689906545708081 ; -2.071063366606499 ; -1.0998638399546263 ;  ]
	[ 0.6133170726693951 ; -0.2130703804811319 ; -1.1166119606384721 ; 0.7651949467337531 ; -0.09365256919526282 ; -0.5720997879562391 ; 0.2079715463384175 ;  ]
	Корректировка весов и смещений №3
	===============================================
