	===============================================
	Корректировка весов и смещений №3

	Thu Oct  5 23:54:18 2023

	Исходный массив весов:
	[ -4.6 ; -4.492339946883833 ; -4.2671275282968155 ; -4.236853372873305 ; -3.7688997105084345 ; -4.068697809328372 ; -5.21849304899528 ;  ]
	[ -2.4044888939496984 ; -3.817119153446056 ; -2.411044760600959 ; -3.0718342958192855 ; -2.9513531066797465 ; -2.4831798284056563 ; -3.0142436172289404 ;  ]
	[ -4.07496870681466 ; -3.613675575112522 ; -2.5260418826613256 ; -4.075598781802689 ; -2.366586275302682 ; -3.4636809828411566 ; -3.506739828126155 ;  ]
	[ -4.515010035906965 ; -5.101467347089104 ; -5.052798736343432 ; -5.651248048729368 ; -5.762592201307793 ; -6.277938006093258 ; -4.623602651499357 ;  ]
	[ -5.4184127385971115 ; -5.744392696582332 ; -6.449358819363942 ; -5.344236386935499 ; -4.827176489389833 ; -4.899746214479893 ; -5.011546305196362 ;  ]
	[ -2.1956766916850454 ; -3.965034303352452 ; -2.0505118196745107 ; -3.3516038164311714 ; -2.4697251721961715 ; -2.706955012844017 ; -2.817345844115293 ;  ]
	[ -3.038406817263253 ; -3.0546293464881424 ; -2.954298337013671 ; -2.9088557305540985 ; -2.9936764103236655 ; -3.876309242338954 ; -3.128097311606226 ;  ]

	Исходный массив смещений:
	[ -4.6 ; -4.100000000000001 ; -3.8739779637774214 ; -4.3740735018344 ; -5.570810306296694 ; -5.363437980305248 ; -4.598013783535226 ;  ]
	[ -3.5000000000000018 ; -2.9000000000000012 ; -3.596065731276554 ; -4.465656234754052 ; -3.751182170861078 ; -2.9639341373975934 ; -3.488946220825346 ;  ]
	[ -2.5421837906492653 ; -2.982706267167095 ; -2.213721394526765 ; -2.5866058815998936 ; -3.2977946695285123 ; -3.8940033451661233 ; -3.4669023070378766 ;  ]
	[ -5.649364929965255 ; -6.240159414251158 ; -5.5033640578499705 ; -5.435614986925536 ; -5.6797882509719475 ; -6.18272688314029 ; -5.797044991394606 ;  ]
	[ -6.288168462928263 ; -5.414751305425659 ; -5.398538836698362 ; -4.853543247388078 ; -5.26627703160886 ; -5.364094224733826 ; -5.645467911729707 ;  ]
	[ -3.515438075140231 ; -2.360374427429679 ; -2.3620466925623553 ; -3.794870560669701 ; -3.4899065457080827 ; -3.8710633666065006 ; -2.899863839954628 ;  ]
	[ -2.6866829273306063 ; -3.513070380481134 ; -4.416611960638473 ; -2.534805053266248 ; -3.3936525691952646 ; -3.8720997879562415 ; -3.0920284536615843 ;  ]

	Полученный массив весов:
	[ -4.699999999999999 ; -4.592339946883833 ; -4.367127528296815 ; -4.336853372873304 ; -3.8688997105084346 ; -4.168697809328371 ; -5.31849304899528 ;  ]
	[ -2.5044888939496985 ; -3.917119153446056 ; -2.511044760600959 ; -3.1718342958192856 ; -3.0513531066797466 ; -2.5831798284056564 ; -3.1142436172289405 ;  ]
	[ -4.07496870681466 ; -3.613675575112522 ; -2.5260418826613256 ; -4.075598781802689 ; -2.366586275302682 ; -3.4636809828411566 ; -3.506739828126155 ;  ]
	[ -4.515010035906965 ; -5.101467347089104 ; -5.052798736343432 ; -5.651248048729368 ; -5.762592201307793 ; -6.277938006093258 ; -4.623602651499357 ;  ]
	[ -5.4184127385971115 ; -5.744392696582332 ; -6.449358819363942 ; -5.344236386935499 ; -4.827176489389833 ; -4.899746214479893 ; -5.011546305196362 ;  ]
	[ -2.1956766916850454 ; -3.965034303352452 ; -2.0505118196745107 ; -3.3516038164311714 ; -2.4697251721961715 ; -2.706955012844017 ; -2.817345844115293 ;  ]
	[ -3.038406817263253 ; -3.0546293464881424 ; -2.954298337013671 ; -2.9088557305540985 ; -2.9936764103236655 ; -3.876309242338954 ; -3.128097311606226 ;  ]

	Полученный массив смещений:
	[ -4.699999999999999 ; -4.200000000000001 ; -3.9739779637774215 ; -4.4740735018344 ; -5.670810306296693 ; -5.4634379803052475 ; -4.698013783535226 ;  ]
	[ -3.600000000000002 ; -3.0000000000000013 ; -3.696065731276554 ; -4.5656562347540515 ; -3.8511821708610783 ; -3.0639341373975935 ; -3.588946220825346 ;  ]
	[ -2.5421837906492653 ; -2.982706267167095 ; -2.213721394526765 ; -2.5866058815998936 ; -3.2977946695285123 ; -3.8940033451661233 ; -3.4669023070378766 ;  ]
	[ -5.649364929965255 ; -6.240159414251158 ; -5.5033640578499705 ; -5.435614986925536 ; -5.6797882509719475 ; -6.18272688314029 ; -5.797044991394606 ;  ]
	[ -6.288168462928263 ; -5.414751305425659 ; -5.398538836698362 ; -4.853543247388078 ; -5.26627703160886 ; -5.364094224733826 ; -5.645467911729707 ;  ]
	[ -3.515438075140231 ; -2.360374427429679 ; -2.3620466925623553 ; -3.794870560669701 ; -3.4899065457080827 ; -3.8710633666065006 ; -2.899863839954628 ;  ]
	[ -2.6866829273306063 ; -3.513070380481134 ; -4.416611960638473 ; -2.534805053266248 ; -3.3936525691952646 ; -3.8720997879562415 ; -3.0920284536615843 ;  ]
	Корректировка весов и смещений №3
	===============================================
