	===============================================
	Корректировка весов и смещений №3

	Thu Oct  5 23:31:00 2023

	Исходный массив весов:
	[ -0.4 ; -0.29233994688383247 ; -0.06712752829681368 ; -0.03685337287330323 ; 0.43110028949156765 ; 0.13130219067163068 ; -1.0184930489952824 ;  ]
	[ 0.4955111060503028 ; -0.9171191534460533 ; 0.4889552393990422 ; -0.17183429581928403 ; -0.05135310667974502 ; 0.4168201715943449 ; -0.11424361722893872 ;  ]
	[ -1.2749687068146585 ; -0.8136755751125194 ; 0.2739581173386757 ; -1.2755987818026864 ; 0.4334137246973192 ; -0.6636809828411544 ; -0.7067398281261529 ;  ]
	[ 0.7849899640930358 ; 0.19853265291089436 ; 0.24720126365656722 ; -0.35124804872937165 ; -0.462592201307797 ; -0.9779380060932639 ; 0.6763973485006431 ;  ]
	[ 0.38158726140288546 ; 0.05560730341766473 ; -0.6493588193639481 ; 0.4557636130644984 ; 0.9728235106101661 ; 0.9002537855201063 ; 0.7884536948036369 ;  ]
	[ 0.20432330831495535 ; -1.56503430335245 ; 0.3494881803254901 ; -0.9516038164311693 ; -0.06972517219617036 ; -0.3069550128440159 ; -0.41734584411529163 ;  ]
	[ 0.361593182736749 ; 0.34537065351185914 ; 0.4457016629863305 ; 0.49114426944590306 ; 0.40632358967633586 ; -0.47630924233895133 ; 0.27190268839377574 ;  ]

	Исходный массив смещений:
	[ -0.4 ; 0.10000000000000003 ; 0.32602203622258097 ; -0.17407350183439851 ; -1.3708103062966965 ; -1.16343798030525 ; -0.39801378353522565 ;  ]
	[ -0.6 ; 2.7755575615628914e-17 ; -0.6960657312765516 ; -1.5656562347540517 ; -0.8511821708610761 ; -0.0639341373975918 ; -0.5889462208253439 ;  ]
	[ 0.2578162093507358 ; -0.18270626716709357 ; 0.5862786054732357 ; 0.21339411840010766 ; -0.4977946695285106 ; -1.094003345166121 ; -0.6669023070378745 ;  ]
	[ -0.34936492996525886 ; -0.9401594142511631 ; -0.2033640578499734 ; -0.13561498692553925 ; -0.379788250971951 ; -0.8827268831402959 ; -0.49704499139460956 ;  ]
	[ -0.4881684629282683 ; 0.38524869457433875 ; 0.4014611633016354 ; 0.946456752611921 ; 0.533722968391138 ; 0.4359057752661717 ; 0.1545320882702894 ;  ]
	[ -1.1154380751402289 ; 0.039625572570322204 ; 0.03795330743764583 ; -1.394870560669699 ; -1.0899065457080805 ; -1.4710633666064985 ; -0.49986383995462635 ;  ]
	[ 0.713317072669395 ; -0.11307038048113185 ; -1.016611960638472 ; 0.8651949467337531 ; 0.006347430804737181 ; -0.4720997879562391 ; 0.3079715463384175 ;  ]

	Полученный массив весов:
	[ -0.4 ; -0.29233994688383247 ; -0.06712752829681368 ; -0.03685337287330323 ; 0.43110028949156765 ; 0.13130219067163068 ; -1.0184930489952824 ;  ]
	[ 0.3955111060503028 ; -1.0171191534460533 ; 0.3889552393990422 ; -0.27183429581928403 ; -0.15135310667974503 ; 0.31682017159434495 ; -0.21424361722893873 ;  ]
	[ -1.2749687068146585 ; -0.8136755751125194 ; 0.2739581173386757 ; -1.2755987818026864 ; 0.4334137246973192 ; -0.6636809828411544 ; -0.7067398281261529 ;  ]
	[ 0.6849899640930358 ; 0.09853265291089436 ; 0.14720126365656722 ; -0.45124804872937163 ; -0.562592201307797 ; -1.077938006093264 ; 0.5763973485006432 ;  ]
	[ 0.48158726140288544 ; 0.15560730341766474 ; -0.5493588193639481 ; 0.5557636130644984 ; 1.0728235106101662 ; 1.0002537855201064 ; 0.8884536948036369 ;  ]
	[ 0.10432330831495534 ; -1.6650343033524502 ; 0.2494881803254901 ; -1.0516038164311694 ; -0.16972517219617037 ; -0.4069550128440159 ; -0.5173458441152916 ;  ]
	[ 0.361593182736749 ; 0.34537065351185914 ; 0.4457016629863305 ; 0.49114426944590306 ; 0.40632358967633586 ; -0.47630924233895133 ; 0.27190268839377574 ;  ]

	Полученный массив смещений:
	[ -0.4 ; 0.10000000000000003 ; 0.32602203622258097 ; -0.17407350183439851 ; -1.3708103062966965 ; -1.16343798030525 ; -0.39801378353522565 ;  ]
	[ -0.7 ; -0.09999999999999998 ; -0.7960657312765516 ; -1.6656562347540518 ; -0.951182170861076 ; -0.1639341373975918 ; -0.6889462208253438 ;  ]
	[ 0.2578162093507358 ; -0.18270626716709357 ; 0.5862786054732357 ; 0.21339411840010766 ; -0.4977946695285106 ; -1.094003345166121 ; -0.6669023070378745 ;  ]
	[ -0.4493649299652589 ; -1.0401594142511632 ; -0.30336405784997345 ; -0.23561498692553925 ; -0.479788250971951 ; -0.9827268831402959 ; -0.5970449913946095 ;  ]
	[ -0.38816846292826834 ; 0.4852486945743387 ; 0.5014611633016354 ; 1.046456752611921 ; 0.633722968391138 ; 0.5359057752661717 ; 0.2545320882702894 ;  ]
	[ -1.215438075140229 ; -0.0603744274296778 ; -0.06204669256235418 ; -1.494870560669699 ; -1.1899065457080806 ; -1.5710633666064986 ; -0.5998638399546263 ;  ]
	[ 0.713317072669395 ; -0.11307038048113185 ; -1.016611960638472 ; 0.8651949467337531 ; 0.006347430804737181 ; -0.4720997879562391 ; 0.3079715463384175 ;  ]
	Корректировка весов и смещений №3
	===============================================
