	===============================================
	Корректировка весов и смещений №3

	Thu Oct  5 23:45:54 2023

	Исходный массив весов:
	[ -1.5000000000000002 ; -1.3923399468838327 ; -1.1671275282968137 ; -1.1368533728733032 ; -0.6688997105084323 ; -0.9686978093283692 ; -2.1184930489952833 ;  ]
	[ -0.20448889394969724 ; -1.6171191534460538 ; -0.21104476060095786 ; -0.871834295819284 ; -0.7513531066797451 ; -0.28317982840565514 ; -0.8142436172289387 ;  ]
	[ -2.274968706814659 ; -1.8136755751125202 ; -0.7260418826613243 ; -2.275598781802687 ; -0.5665862753026808 ; -1.663680982841155 ; -1.7067398281261534 ;  ]
	[ -2.0150100359069647 ; -2.6014673470891068 ; -2.552798736343434 ; -3.1512480487293733 ; -3.2625922013077986 ; -3.777938006093266 ; -2.1236026514993576 ;  ]
	[ -2.018412738597115 ; -2.3443926965823363 ; -3.04935881936395 ; -1.9442363869355024 ; -1.427176489389834 ; -1.4997462144798939 ; -1.6115463051963634 ;  ]
	[ -0.8956766916850446 ; -2.665034303352451 ; -0.7505118196745099 ; -2.0516038164311703 ; -1.1697251721961703 ; -1.4069550128440163 ; -1.517345844115292 ;  ]
	[ -0.9384068172632509 ; -0.9546293464881408 ; -0.8542983370136694 ; -0.8088557305540969 ; -0.8936764103236641 ; -1.776309242338952 ; -1.0280973116062242 ;  ]

	Исходный массив смещений:
	[ -1.5000000000000002 ; -0.9999999999999999 ; -0.773977963777419 ; -1.2740735018343985 ; -2.4708103062966975 ; -2.263437980305251 ; -1.4980137835352259 ;  ]
	[ -1.3 ; -0.7 ; -1.3960657312765519 ; -2.265656234754052 ; -1.5511821708610765 ; -0.7639341373975918 ; -1.288946220825344 ;  ]
	[ -0.7421837906492642 ; -1.1827062671670936 ; -0.41372139452676426 ; -0.7866058815998923 ; -1.497794669528511 ; -2.0940033451661217 ; -1.666902307037875 ;  ]
	[ -3.1493649299652606 ; -3.7401594142511656 ; -3.003364057849975 ; -2.9356149869255406 ; -3.179788250971953 ; -3.682726883140298 ; -3.2970449913946114 ;  ]
	[ -2.88816846292827 ; -2.014751305425662 ; -1.9985388366983654 ; -1.4535432473880792 ; -1.8662770316088626 ; -1.964094224733829 ; -2.2454679117297114 ;  ]
	[ -2.21543807514023 ; -1.0603744274296778 ; -1.0620466925623542 ; -2.4948705606696997 ; -2.1899065457080815 ; -2.5710633666064995 ; -1.5998638399546268 ;  ]
	[ -0.5866829273306049 ; -1.4130703804811322 ; -2.316611960638473 ; -0.43480505326624685 ; -1.293652569195263 ; -1.7720997879562397 ; -0.9920284536615824 ;  ]

	Полученный массив весов:
	[ -1.5000000000000002 ; -1.3923399468838327 ; -1.1671275282968137 ; -1.1368533728733032 ; -0.6688997105084323 ; -0.9686978093283692 ; -2.1184930489952833 ;  ]
	[ -0.30448889394969725 ; -1.717119153446054 ; -0.31104476060095787 ; -0.9718342958192839 ; -0.8513531066797451 ; -0.3831798284056551 ; -0.9142436172289387 ;  ]
	[ -2.174968706814659 ; -1.71367557511252 ; -0.6260418826613243 ; -2.175598781802687 ; -0.4665862753026808 ; -1.5636809828411549 ; -1.6067398281261533 ;  ]
	[ -2.0150100359069647 ; -2.6014673470891068 ; -2.552798736343434 ; -3.1512480487293733 ; -3.2625922013077986 ; -3.777938006093266 ; -2.1236026514993576 ;  ]
	[ -2.118412738597115 ; -2.4443926965823364 ; -3.14935881936395 ; -2.0442363869355025 ; -1.527176489389834 ; -1.599746214479894 ; -1.7115463051963635 ;  ]
	[ -0.9956766916850446 ; -2.765034303352451 ; -0.8505118196745098 ; -2.1516038164311704 ; -1.2697251721961704 ; -1.5069550128440163 ; -1.6173458441152921 ;  ]
	[ -0.9384068172632509 ; -0.9546293464881408 ; -0.8542983370136694 ; -0.8088557305540969 ; -0.8936764103236641 ; -1.776309242338952 ; -1.0280973116062242 ;  ]

	Полученный массив смещений:
	[ -1.5000000000000002 ; -0.9999999999999999 ; -0.773977963777419 ; -1.2740735018343985 ; -2.4708103062966975 ; -2.263437980305251 ; -1.4980137835352259 ;  ]
	[ -1.4000000000000001 ; -0.7999999999999999 ; -1.496065731276552 ; -2.365656234754052 ; -1.6511821708610765 ; -0.8639341373975917 ; -1.388946220825344 ;  ]
	[ -0.6421837906492642 ; -1.0827062671670935 ; -0.3137213945267643 ; -0.6866058815998923 ; -1.3977946695285108 ; -1.9940033451661217 ; -1.566902307037875 ;  ]
	[ -3.1493649299652606 ; -3.7401594142511656 ; -3.003364057849975 ; -2.9356149869255406 ; -3.179788250971953 ; -3.682726883140298 ; -3.2970449913946114 ;  ]
	[ -2.98816846292827 ; -2.114751305425662 ; -2.0985388366983653 ; -1.5535432473880793 ; -1.9662770316088627 ; -2.064094224733829 ; -2.3454679117297115 ;  ]
	[ -2.31543807514023 ; -1.160374427429678 ; -1.1620466925623543 ; -2.5948705606697 ; -2.2899065457080816 ; -2.6710633666064996 ; -1.6998638399546269 ;  ]
	[ -0.5866829273306049 ; -1.4130703804811322 ; -2.316611960638473 ; -0.43480505326624685 ; -1.293652569195263 ; -1.7720997879562397 ; -0.9920284536615824 ;  ]
	Корректировка весов и смещений №3
	===============================================
