	===============================================
	Корректировка весов и смещений №3

	Thu Oct  5 23:52:12 2023

	Исходный массив весов:
	[ -4.200000000000001 ; -4.092339946883834 ; -3.867127528296816 ; -3.8368533728733056 ; -3.368899710508434 ; -3.6686978093283713 ; -4.818493048995282 ;  ]
	[ -1.3044888939496975 ; -2.717119153446055 ; -1.311044760600958 ; -1.9718342958192845 ; -1.8513531066797455 ; -1.3831798284056553 ; -1.9142436172289394 ;  ]
	[ -3.6749687068146604 ; -3.2136755751125214 ; -2.126041882661325 ; -3.6755987818026883 ; -1.9665862753026815 ; -3.063680982841156 ; -3.1067398281261545 ;  ]
	[ -4.715010035906964 ; -5.301467347089103 ; -5.252798736343431 ; -5.851248048729367 ; -5.9625922013077925 ; -6.477938006093257 ; -4.823602651499356 ;  ]
	[ -2.7184127385971157 ; -3.044392696582337 ; -3.7493588193639504 ; -2.644236386935503 ; -2.1271764893898344 ; -2.1997462144798945 ; -2.311546305196364 ;  ]
	[ -1.7956766916850453 ; -3.565034303352452 ; -1.6505118196745103 ; -2.951603816431171 ; -2.069725172196171 ; -2.306955012844017 ; -2.417345844115293 ;  ]
	[ -2.6384068172632524 ; -2.654629346488142 ; -2.5542983370136705 ; -2.508855730554098 ; -2.593676410323665 ; -3.4763092423389534 ; -2.7280973116062257 ;  ]

	Исходный массив смещений:
	[ -4.200000000000001 ; -3.700000000000002 ; -3.473977963777421 ; -3.974073501834401 ; -5.170810306296695 ; -4.963437980305249 ; -4.198013783535227 ;  ]
	[ -2.400000000000001 ; -1.8000000000000003 ; -2.496065731276553 ; -3.365656234754053 ; -2.651182170861077 ; -1.8639341373975924 ; -2.388946220825345 ;  ]
	[ -2.142183790649265 ; -2.5827062671670946 ; -1.813721394526765 ; -2.186605881599893 ; -2.897794669528512 ; -3.494003345166123 ; -3.0669023070378763 ;  ]
	[ -5.849364929965255 ; -6.440159414251157 ; -5.70336405784997 ; -5.635614986925535 ; -5.879788250971947 ; -6.38272688314029 ; -5.997044991394605 ;  ]
	[ -3.5881684629282704 ; -2.7147513054256627 ; -2.698538836698366 ; -2.15354324738808 ; -2.566277031608863 ; -2.6640942247338297 ; -2.945467911729712 ;  ]
	[ -3.1154380751402306 ; -1.9603744274296786 ; -1.962046692562355 ; -3.3948705606697005 ; -3.0899065457080823 ; -3.4710633666065003 ; -2.4998638399546276 ;  ]
	[ -2.286682927330606 ; -3.1130703804811337 ; -4.016611960638475 ; -2.1348050532662475 ; -2.9936525691952642 ; -3.472099787956241 ; -2.692028453661584 ;  ]

	Полученный массив весов:
	[ -4.300000000000001 ; -4.192339946883834 ; -3.967127528296816 ; -3.9368533728733057 ; -3.4688997105084343 ; -3.7686978093283714 ; -4.918493048995281 ;  ]
	[ -1.4044888939496976 ; -2.817119153446055 ; -1.4110447606009582 ; -2.0718342958192846 ; -1.9513531066797456 ; -1.4831798284056554 ; -2.0142436172289395 ;  ]
	[ -3.6749687068146604 ; -3.2136755751125214 ; -2.126041882661325 ; -3.6755987818026883 ; -1.9665862753026815 ; -3.063680982841156 ; -3.1067398281261545 ;  ]
	[ -4.815010035906964 ; -5.401467347089103 ; -5.352798736343431 ; -5.951248048729367 ; -6.062592201307792 ; -6.577938006093257 ; -4.923602651499356 ;  ]
	[ -2.7184127385971157 ; -3.044392696582337 ; -3.7493588193639504 ; -2.644236386935503 ; -2.1271764893898344 ; -2.1997462144798945 ; -2.311546305196364 ;  ]
	[ -1.7956766916850453 ; -3.565034303352452 ; -1.6505118196745103 ; -2.951603816431171 ; -2.069725172196171 ; -2.306955012844017 ; -2.417345844115293 ;  ]
	[ -2.5384068172632523 ; -2.554629346488142 ; -2.4542983370136704 ; -2.408855730554098 ; -2.493676410323665 ; -3.3763092423389534 ; -2.6280973116062256 ;  ]

	Полученный массив смещений:
	[ -4.300000000000001 ; -3.800000000000002 ; -3.573977963777421 ; -4.074073501834401 ; -5.270810306296695 ; -5.063437980305249 ; -4.298013783535227 ;  ]
	[ -2.500000000000001 ; -1.9000000000000004 ; -2.596065731276553 ; -3.465656234754053 ; -2.7511821708610773 ; -1.9639341373975925 ; -2.488946220825345 ;  ]
	[ -2.142183790649265 ; -2.5827062671670946 ; -1.813721394526765 ; -2.186605881599893 ; -2.897794669528512 ; -3.494003345166123 ; -3.0669023070378763 ;  ]
	[ -5.949364929965254 ; -6.540159414251157 ; -5.8033640578499694 ; -5.735614986925535 ; -5.979788250971946 ; -6.482726883140289 ; -6.097044991394605 ;  ]
	[ -3.5881684629282704 ; -2.7147513054256627 ; -2.698538836698366 ; -2.15354324738808 ; -2.566277031608863 ; -2.6640942247338297 ; -2.945467911729712 ;  ]
	[ -3.1154380751402306 ; -1.9603744274296786 ; -1.962046692562355 ; -3.3948705606697005 ; -3.0899065457080823 ; -3.4710633666065003 ; -2.4998638399546276 ;  ]
	[ -2.186682927330606 ; -3.0130703804811336 ; -3.9166119606384746 ; -2.0348050532662474 ; -2.893652569195264 ; -3.372099787956241 ; -2.592028453661584 ;  ]
	Корректировка весов и смещений №3
	===============================================
