	===============================================
	Корректировка весов и смещений №3

	Thu Oct  5 23:51:32 2023

	Исходный массив весов:
	[ -3.900000000000002 ; -3.7923399468838346 ; -3.567127528296816 ; -3.5368533728733054 ; -3.068899710508434 ; -3.368697809328371 ; -4.518493048995283 ;  ]
	[ -1.3044888939496975 ; -2.717119153446055 ; -1.311044760600958 ; -1.9718342958192845 ; -1.8513531066797457 ; -1.3831798284056553 ; -1.9142436172289394 ;  ]
	[ -3.37496870681466 ; -2.913675575112521 ; -1.826041882661325 ; -3.375598781802688 ; -1.6665862753026812 ; -2.763680982841156 ; -2.806739828126154 ;  ]
	[ -4.215010035906966 ; -4.801467347089105 ; -4.752798736343433 ; -5.351248048729369 ; -5.462592201307794 ; -5.977938006093259 ; -4.323602651499358 ;  ]
	[ -2.6184127385971157 ; -2.944392696582337 ; -3.6493588193639503 ; -2.544236386935503 ; -2.0271764893898343 ; -2.0997462144798944 ; -2.211546305196364 ;  ]
	[ -1.6956766916850452 ; -3.4650343033524518 ; -1.5505118196745102 ; -2.851603816431171 ; -1.969725172196171 ; -2.2069550128440167 ; -2.3173458441152928 ;  ]
	[ -2.338406817263252 ; -2.354629346488142 ; -2.25429833701367 ; -2.208855730554098 ; -2.293676410323665 ; -3.176309242338953 ; -2.4280973116062254 ;  ]

	Исходный массив смещений:
	[ -3.900000000000002 ; -3.4000000000000017 ; -3.173977963777421 ; -3.6740735018344006 ; -4.870810306296696 ; -4.66343798030525 ; -3.898013783535228 ;  ]
	[ -2.400000000000001 ; -1.8000000000000005 ; -2.496065731276553 ; -3.365656234754053 ; -2.651182170861077 ; -1.8639341373975924 ; -2.388946220825345 ;  ]
	[ -1.8421837906492649 ; -2.2827062671670943 ; -1.5137213945267647 ; -1.886605881599893 ; -2.5977946695285117 ; -3.1940033451661227 ; -2.766902307037876 ;  ]
	[ -5.349364929965256 ; -5.940159414251159 ; -5.203364057849972 ; -5.135614986925537 ; -5.379788250971949 ; -5.8827268831402915 ; -5.497044991394607 ;  ]
	[ -3.4881684629282703 ; -2.6147513054256626 ; -2.5985388366983657 ; -2.0535432473880797 ; -2.466277031608863 ; -2.5640942247338296 ; -2.845467911729712 ;  ]
	[ -3.0154380751402305 ; -1.8603744274296785 ; -1.8620466925623549 ; -3.2948705606697004 ; -2.9899065457080822 ; -3.3710633666065 ; -2.3998638399546275 ;  ]
	[ -1.9866829273306057 ; -2.8130703804811334 ; -3.7166119606384744 ; -1.8348050532662474 ; -2.693652569195264 ; -3.172099787956241 ; -2.3920284536615837 ;  ]

	Полученный массив весов:
	[ -3.900000000000002 ; -3.7923399468838346 ; -3.567127528296816 ; -3.5368533728733054 ; -3.068899710508434 ; -3.368697809328371 ; -4.518493048995283 ;  ]
	[ -1.5044888939496976 ; -2.917119153446055 ; -1.5110447606009583 ; -2.1718342958192847 ; -2.0513531066797457 ; -1.5831798284056555 ; -2.1142436172289396 ;  ]
	[ -3.37496870681466 ; -2.913675575112521 ; -1.826041882661325 ; -3.375598781802688 ; -1.6665862753026812 ; -2.763680982841156 ; -2.806739828126154 ;  ]
	[ -4.315010035906965 ; -4.901467347089104 ; -4.852798736343432 ; -5.451248048729369 ; -5.562592201307794 ; -6.077938006093259 ; -4.423602651499357 ;  ]
	[ -2.6184127385971157 ; -2.944392696582337 ; -3.6493588193639503 ; -2.544236386935503 ; -2.0271764893898343 ; -2.0997462144798944 ; -2.211546305196364 ;  ]
	[ -1.6956766916850452 ; -3.4650343033524518 ; -1.5505118196745102 ; -2.851603816431171 ; -1.969725172196171 ; -2.2069550128440167 ; -2.3173458441152928 ;  ]
	[ -2.238406817263252 ; -2.2546293464881417 ; -2.15429833701367 ; -2.108855730554098 ; -2.193676410323665 ; -3.076309242338953 ; -2.3280973116062254 ;  ]

	Полученный массив смещений:
	[ -3.900000000000002 ; -3.4000000000000017 ; -3.173977963777421 ; -3.6740735018344006 ; -4.870810306296696 ; -4.66343798030525 ; -3.898013783535228 ;  ]
	[ -2.600000000000001 ; -2.0000000000000004 ; -2.696065731276553 ; -3.5656562347540532 ; -2.8511821708610774 ; -2.0639341373975926 ; -2.588946220825345 ;  ]
	[ -1.8421837906492649 ; -2.2827062671670943 ; -1.5137213945267647 ; -1.886605881599893 ; -2.5977946695285117 ; -3.1940033451661227 ; -2.766902307037876 ;  ]
	[ -5.449364929965256 ; -6.040159414251159 ; -5.303364057849971 ; -5.235614986925537 ; -5.479788250971948 ; -5.982726883140291 ; -5.597044991394607 ;  ]
	[ -3.4881684629282703 ; -2.6147513054256626 ; -2.5985388366983657 ; -2.0535432473880797 ; -2.466277031608863 ; -2.5640942247338296 ; -2.845467911729712 ;  ]
	[ -3.0154380751402305 ; -1.8603744274296785 ; -1.8620466925623549 ; -3.2948705606697004 ; -2.9899065457080822 ; -3.3710633666065 ; -2.3998638399546275 ;  ]
	[ -1.8866829273306056 ; -2.7130703804811334 ; -3.6166119606384743 ; -1.7348050532662473 ; -2.593652569195264 ; -3.072099787956241 ; -2.2920284536615836 ;  ]
	Корректировка весов и смещений №3
	===============================================
