	===============================================
	Корректировка весов и смещений №3

	Thu Oct  5 23:46:47 2023

	Исходный массив весов:
	[ -1.6000000000000003 ; -1.4923399468838328 ; -1.2671275282968137 ; -1.2368533728733033 ; -0.7688997105084323 ; -1.0686978093283692 ; -2.2184930489952834 ;  ]
	[ -0.6044888939496972 ; -2.017119153446054 ; -0.6110447606009578 ; -1.271834295819284 ; -1.151353106679745 ; -0.683179828405655 ; -1.2142436172289388 ;  ]
	[ -2.374968706814659 ; -1.9136755751125203 ; -0.8260418826613243 ; -2.375598781802687 ; -0.6665862753026808 ; -1.763680982841155 ; -1.8067398281261535 ;  ]
	[ -2.515010035906965 ; -3.101467347089107 ; -3.0527987363434343 ; -3.6512480487293737 ; -3.762592201307799 ; -4.277938006093265 ; -2.623602651499358 ;  ]
	[ -2.3184127385971154 ; -2.6443926965823366 ; -3.34935881936395 ; -2.2442363869355026 ; -1.7271764893898343 ; -1.7997462144798941 ; -1.9115463051963637 ;  ]
	[ -1.2956766916850448 ; -3.0650343033524514 ; -1.1505118196745099 ; -2.4516038164311706 ; -1.5697251721961707 ; -1.8069550128440166 ; -1.9173458441152924 ;  ]
	[ -0.938406817263251 ; -0.9546293464881409 ; -0.8542983370136694 ; -0.8088557305540969 ; -0.8936764103236641 ; -1.776309242338952 ; -1.0280973116062242 ;  ]

	Исходный массив смещений:
	[ -1.6000000000000003 ; -1.0999999999999999 ; -0.873977963777419 ; -1.3740735018343986 ; -2.5708103062966976 ; -2.363437980305251 ; -1.598013783535226 ;  ]
	[ -1.7000000000000004 ; -1.0999999999999999 ; -1.7960657312765522 ; -2.6656562347540524 ; -1.9511821708610766 ; -1.1639341373975918 ; -1.6889462208253443 ;  ]
	[ -0.8421837906492642 ; -1.2827062671670937 ; -0.5137213945267642 ; -0.8866058815998923 ; -1.597794669528511 ; -2.194003345166122 ; -1.766902307037875 ;  ]
	[ -3.649364929965261 ; -4.240159414251165 ; -3.5033640578499754 ; -3.435614986925541 ; -3.6797882509719533 ; -4.1827268831402975 ; -3.797044991394612 ;  ]
	[ -3.18816846292827 ; -2.3147513054256623 ; -2.2985388366983655 ; -1.7535432473880794 ; -2.1662770316088626 ; -2.2640942247338294 ; -2.5454679117297117 ;  ]
	[ -2.61543807514023 ; -1.4603744274296782 ; -1.4620466925623545 ; -2.8948705606697 ; -2.589906545708082 ; -2.9710633666065 ; -1.9998638399546271 ;  ]
	[ -0.5866829273306049 ; -1.4130703804811322 ; -2.316611960638473 ; -0.43480505326624685 ; -1.293652569195263 ; -1.7720997879562397 ; -0.9920284536615825 ;  ]

	Полученный массив весов:
	[ -1.6000000000000003 ; -1.4923399468838328 ; -1.2671275282968137 ; -1.2368533728733033 ; -0.7688997105084323 ; -1.0686978093283692 ; -2.2184930489952834 ;  ]
	[ -0.7044888939496972 ; -2.1171191534460543 ; -0.7110447606009578 ; -1.3718342958192842 ; -1.2513531066797452 ; -0.783179828405655 ; -1.314243617228939 ;  ]
	[ -2.374968706814659 ; -1.9136755751125203 ; -0.8260418826613243 ; -2.375598781802687 ; -0.6665862753026808 ; -1.763680982841155 ; -1.8067398281261535 ;  ]
	[ -2.515010035906965 ; -3.101467347089107 ; -3.0527987363434343 ; -3.6512480487293737 ; -3.762592201307799 ; -4.277938006093265 ; -2.623602651499358 ;  ]
	[ -2.4184127385971155 ; -2.7443926965823366 ; -3.44935881936395 ; -2.3442363869355027 ; -1.8271764893898343 ; -1.8997462144798942 ; -2.011546305196364 ;  ]
	[ -1.2956766916850448 ; -3.0650343033524514 ; -1.1505118196745099 ; -2.4516038164311706 ; -1.5697251721961707 ; -1.8069550128440166 ; -1.9173458441152924 ;  ]
	[ -0.938406817263251 ; -0.9546293464881409 ; -0.8542983370136694 ; -0.8088557305540969 ; -0.8936764103236641 ; -1.776309242338952 ; -1.0280973116062242 ;  ]

	Полученный массив смещений:
	[ -1.6000000000000003 ; -1.0999999999999999 ; -0.873977963777419 ; -1.3740735018343986 ; -2.5708103062966976 ; -2.363437980305251 ; -1.598013783535226 ;  ]
	[ -1.8000000000000005 ; -1.2 ; -1.8960657312765523 ; -2.7656562347540525 ; -2.0511821708610767 ; -1.2639341373975919 ; -1.7889462208253444 ;  ]
	[ -0.8421837906492642 ; -1.2827062671670937 ; -0.5137213945267642 ; -0.8866058815998923 ; -1.597794669528511 ; -2.194003345166122 ; -1.766902307037875 ;  ]
	[ -3.649364929965261 ; -4.240159414251165 ; -3.5033640578499754 ; -3.435614986925541 ; -3.6797882509719533 ; -4.1827268831402975 ; -3.797044991394612 ;  ]
	[ -3.28816846292827 ; -2.4147513054256624 ; -2.3985388366983655 ; -1.8535432473880795 ; -2.2662770316088627 ; -2.3640942247338295 ; -2.6454679117297117 ;  ]
	[ -2.61543807514023 ; -1.4603744274296782 ; -1.4620466925623545 ; -2.8948705606697 ; -2.589906545708082 ; -2.9710633666065 ; -1.9998638399546271 ;  ]
	[ -0.5866829273306049 ; -1.4130703804811322 ; -2.316611960638473 ; -0.43480505326624685 ; -1.293652569195263 ; -1.7720997879562397 ; -0.9920284536615825 ;  ]
	Корректировка весов и смещений №3
	===============================================
