	===============================================
	Корректировка весов и смещений №3

	Thu Oct  5 23:55:39 2023

	Исходный массив весов:
	[ -4.899999999999999 ; -4.792339946883832 ; -4.5671275282968145 ; -4.536853372873304 ; -4.068899710508434 ; -4.368697809328371 ; -5.518493048995279 ;  ]
	[ -3.3044888939496992 ; -4.7171191534460535 ; -3.31104476060096 ; -3.9718342958192863 ; -3.8513531066797473 ; -3.383179828405657 ; -3.914243617228941 ;  ]
	[ -4.27496870681466 ; -3.813675575112522 ; -2.7260418826613257 ; -4.275598781802688 ; -2.566586275302682 ; -3.6636809828411567 ; -3.706739828126155 ;  ]
	[ -4.0150100359069665 ; -4.601467347089105 ; -4.5527987363434335 ; -5.15124804872937 ; -5.262592201307795 ; -5.77793800609326 ; -4.1236026514993585 ;  ]
	[ -5.81841273859711 ; -6.14439269658233 ; -6.849358819363941 ; -5.744236386935498 ; -5.227176489389832 ; -5.2997462144798915 ; -5.41154630519636 ;  ]
	[ -3.5956766916850467 ; -5.365034303352448 ; -3.450511819674512 ; -4.751603816431169 ; -3.8697251721961727 ; -4.1069550128440175 ; -4.217345844115293 ;  ]
	[ -3.9384068172632536 ; -3.9546293464881432 ; -3.8542983370136716 ; -3.8088557305540993 ; -3.8936764103236663 ; -4.776309242338951 ; -4.028097311606227 ;  ]

	Исходный массив смещений:
	[ -4.899999999999999 ; -4.4 ; -4.173977963777421 ; -4.674073501834399 ; -5.8708103062966925 ; -5.663437980305247 ; -4.898013783535225 ;  ]
	[ -4.4 ; -3.800000000000002 ; -4.496065731276553 ; -5.365656234754049 ; -4.651182170861076 ; -3.863934137397594 ; -4.388946220825345 ;  ]
	[ -2.7421837906492654 ; -3.182706267167095 ; -2.4137213945267653 ; -2.7866058815998938 ; -3.4977946695285125 ; -4.094003345166123 ; -3.666902307037877 ;  ]
	[ -5.149364929965257 ; -5.74015941425116 ; -5.003364057849972 ; -4.935614986925538 ; -5.179788250971949 ; -5.682726883140292 ; -5.297044991394608 ;  ]
	[ -6.688168462928261 ; -5.814751305425657 ; -5.798538836698361 ; -5.253543247388077 ; -5.666277031608859 ; -5.7640942247338245 ; -6.045467911729705 ;  ]
	[ -4.915438075140228 ; -3.76037442742968 ; -3.7620466925623566 ; -5.194870560669697 ; -4.88990654570808 ; -5.271063366606496 ; -4.299863839954628 ;  ]
	[ -3.586682927330607 ; -4.413070380481133 ; -5.31661196063847 ; -3.4348050532662486 ; -4.293652569195264 ; -4.772099787956239 ; -3.992028453661585 ;  ]

	Полученный массив весов:
	[ -4.899999999999999 ; -4.792339946883832 ; -4.5671275282968145 ; -4.536853372873304 ; -4.068899710508434 ; -4.368697809328371 ; -5.518493048995279 ;  ]
	[ -3.4044888939496993 ; -4.817119153446053 ; -3.41104476060096 ; -4.071834295819286 ; -3.9513531066797474 ; -3.483179828405657 ; -4.014243617228941 ;  ]
	[ -4.374968706814659 ; -3.913675575112522 ; -2.826041882661326 ; -4.375598781802688 ; -2.666586275302682 ; -3.763680982841157 ; -3.806739828126155 ;  ]
	[ -4.115010035906966 ; -4.701467347089105 ; -4.652798736343433 ; -5.251248048729369 ; -5.362592201307795 ; -5.87793800609326 ; -4.223602651499358 ;  ]
	[ -5.81841273859711 ; -6.14439269658233 ; -6.849358819363941 ; -5.744236386935498 ; -5.227176489389832 ; -5.2997462144798915 ; -5.41154630519636 ;  ]
	[ -3.5956766916850467 ; -5.365034303352448 ; -3.450511819674512 ; -4.751603816431169 ; -3.8697251721961727 ; -4.1069550128440175 ; -4.217345844115293 ;  ]
	[ -3.8384068172632535 ; -3.854629346488143 ; -3.7542983370136715 ; -3.7088557305540992 ; -3.793676410323666 ; -4.676309242338951 ; -3.9280973116062268 ;  ]

	Полученный массив смещений:
	[ -4.899999999999999 ; -4.4 ; -4.173977963777421 ; -4.674073501834399 ; -5.8708103062966925 ; -5.663437980305247 ; -4.898013783535225 ;  ]
	[ -4.5 ; -3.900000000000002 ; -4.5960657312765525 ; -5.465656234754048 ; -4.7511821708610755 ; -3.9639341373975943 ; -4.488946220825345 ;  ]
	[ -2.8421837906492655 ; -3.2827062671670952 ; -2.5137213945267654 ; -2.886605881599894 ; -3.5977946695285126 ; -4.194003345166123 ; -3.766902307037877 ;  ]
	[ -5.249364929965257 ; -5.8401594142511595 ; -5.103364057849972 ; -5.0356149869255376 ; -5.279788250971949 ; -5.782726883140292 ; -5.3970449913946075 ;  ]
	[ -6.688168462928261 ; -5.814751305425657 ; -5.798538836698361 ; -5.253543247388077 ; -5.666277031608859 ; -5.7640942247338245 ; -6.045467911729705 ;  ]
	[ -4.915438075140228 ; -3.76037442742968 ; -3.7620466925623566 ; -5.194870560669697 ; -4.88990654570808 ; -5.271063366606496 ; -4.299863839954628 ;  ]
	[ -3.486682927330607 ; -4.3130703804811334 ; -5.21661196063847 ; -3.3348050532662485 ; -4.193652569195264 ; -4.672099787956239 ; -3.892028453661585 ;  ]
	Корректировка весов и смещений №3
	===============================================
