	===============================================
	Корректировка весов и смещений №3

	Thu Oct  5 23:56:41 2023

	Исходный массив весов:
	[ -4.899999999999999 ; -4.792339946883832 ; -4.5671275282968145 ; -4.536853372873304 ; -4.068899710508434 ; -4.368697809328371 ; -5.518493048995279 ;  ]
	[ -3.4044888939496993 ; -4.817119153446053 ; -3.41104476060096 ; -4.071834295819286 ; -3.9513531066797474 ; -3.483179828405657 ; -4.014243617228941 ;  ]
	[ -4.674968706814658 ; -4.213675575112521 ; -3.126041882661326 ; -4.6755987818026865 ; -2.9665862753026824 ; -4.063680982841157 ; -4.1067398281261545 ;  ]
	[ -4.215010035906966 ; -4.801467347089105 ; -4.752798736343433 ; -5.351248048729369 ; -5.462592201307794 ; -5.977938006093259 ; -4.323602651499358 ;  ]
	[ -5.81841273859711 ; -6.14439269658233 ; -6.849358819363941 ; -5.744236386935498 ; -5.227176489389832 ; -5.2997462144798915 ; -5.41154630519636 ;  ]
	[ -3.895676691685047 ; -5.665034303352447 ; -3.750511819674512 ; -5.051603816431168 ; -4.169725172196173 ; -4.4069550128440165 ; -4.517345844115292 ;  ]
	[ -4.138406817263253 ; -4.154629346488143 ; -4.054298337013671 ; -4.0088557305540995 ; -4.093676410323666 ; -4.97630924233895 ; -4.228097311606226 ;  ]

	Исходный массив смещений:
	[ -4.899999999999999 ; -4.4 ; -4.173977963777421 ; -4.674073501834399 ; -5.8708103062966925 ; -5.663437980305247 ; -4.898013783535225 ;  ]
	[ -4.5 ; -3.900000000000002 ; -4.5960657312765525 ; -5.465656234754048 ; -4.7511821708610755 ; -3.9639341373975943 ; -4.488946220825345 ;  ]
	[ -3.142183790649266 ; -3.5827062671670955 ; -2.8137213945267656 ; -3.186605881599894 ; -3.897794669528513 ; -4.494003345166122 ; -4.066902307037877 ;  ]
	[ -5.349364929965256 ; -5.940159414251159 ; -5.203364057849972 ; -5.135614986925537 ; -5.379788250971949 ; -5.8827268831402915 ; -5.497044991394607 ;  ]
	[ -6.688168462928261 ; -5.814751305425657 ; -5.798538836698361 ; -5.253543247388077 ; -5.666277031608859 ; -5.7640942247338245 ; -6.045467911729705 ;  ]
	[ -5.215438075140227 ; -4.0603744274296805 ; -4.062046692562356 ; -5.494870560669696 ; -5.189906545708079 ; -5.571063366606495 ; -4.599863839954627 ;  ]
	[ -3.7866829273306073 ; -4.613070380481132 ; -5.516611960638469 ; -3.634805053266249 ; -4.493652569195263 ; -4.972099787956238 ; -4.192028453661584 ;  ]

	Полученный массив весов:
	[ -4.899999999999999 ; -4.792339946883832 ; -4.5671275282968145 ; -4.536853372873304 ; -4.068899710508434 ; -4.368697809328371 ; -5.518493048995279 ;  ]
	[ -3.5044888939496994 ; -4.917119153446053 ; -3.51104476060096 ; -4.171834295819286 ; -4.0513531066797475 ; -3.5831798284056573 ; -4.114243617228941 ;  ]
	[ -4.774968706814658 ; -4.313675575112521 ; -3.226041882661326 ; -4.775598781802686 ; -3.0665862753026825 ; -4.163680982841156 ; -4.206739828126154 ;  ]
	[ -4.315010035906965 ; -4.901467347089104 ; -4.852798736343432 ; -5.451248048729369 ; -5.562592201307794 ; -6.077938006093259 ; -4.423602651499357 ;  ]
	[ -5.81841273859711 ; -6.14439269658233 ; -6.849358819363941 ; -5.744236386935498 ; -5.227176489389832 ; -5.2997462144798915 ; -5.41154630519636 ;  ]
	[ -3.895676691685047 ; -5.665034303352447 ; -3.750511819674512 ; -5.051603816431168 ; -4.169725172196173 ; -4.4069550128440165 ; -4.517345844115292 ;  ]
	[ -4.038406817263254 ; -4.054629346488143 ; -3.9542983370136713 ; -3.9088557305540994 ; -3.993676410323666 ; -4.876309242338951 ; -4.1280973116062265 ;  ]

	Полученный массив смещений:
	[ -4.899999999999999 ; -4.4 ; -4.173977963777421 ; -4.674073501834399 ; -5.8708103062966925 ; -5.663437980305247 ; -4.898013783535225 ;  ]
	[ -4.6 ; -4.000000000000002 ; -4.696065731276552 ; -5.565656234754048 ; -4.851182170861075 ; -4.063934137397594 ; -4.588946220825345 ;  ]
	[ -3.242183790649266 ; -3.6827062671670956 ; -2.9137213945267657 ; -3.286605881599894 ; -3.997794669528513 ; -4.594003345166121 ; -4.166902307037876 ;  ]
	[ -5.449364929965256 ; -6.040159414251159 ; -5.303364057849971 ; -5.235614986925537 ; -5.479788250971948 ; -5.982726883140291 ; -5.597044991394607 ;  ]
	[ -6.688168462928261 ; -5.814751305425657 ; -5.798538836698361 ; -5.253543247388077 ; -5.666277031608859 ; -5.7640942247338245 ; -6.045467911729705 ;  ]
	[ -5.215438075140227 ; -4.0603744274296805 ; -4.062046692562356 ; -5.494870560669696 ; -5.189906545708079 ; -5.571063366606495 ; -4.599863839954627 ;  ]
	[ -3.686682927330607 ; -4.513070380481133 ; -5.41661196063847 ; -3.5348050532662487 ; -4.393652569195264 ; -4.872099787956238 ; -4.092028453661585 ;  ]
	Корректировка весов и смещений №3
	===============================================
