	===============================================
	Корректировка весов и смещений №3

	Thu Oct  5 23:45:42 2023

	Исходный массив весов:
	[ -1.5000000000000002 ; -1.3923399468838327 ; -1.1671275282968137 ; -1.1368533728733032 ; -0.6688997105084323 ; -0.9686978093283692 ; -2.1184930489952833 ;  ]
	[ -0.30448889394969725 ; -1.717119153446054 ; -0.31104476060095787 ; -0.9718342958192839 ; -0.8513531066797451 ; -0.3831798284056551 ; -0.9142436172289387 ;  ]
	[ -2.274968706814659 ; -1.8136755751125202 ; -0.7260418826613243 ; -2.275598781802687 ; -0.5665862753026808 ; -1.663680982841155 ; -1.7067398281261534 ;  ]
	[ -1.8150100359069647 ; -2.4014673470891066 ; -2.3527987363434337 ; -2.951248048729373 ; -3.0625922013077984 ; -3.577938006093266 ; -1.9236026514993576 ;  ]
	[ -1.9184127385971153 ; -2.244392696582336 ; -2.9493588193639497 ; -1.8442363869355023 ; -1.327176489389834 ; -1.3997462144798938 ; -1.5115463051963633 ;  ]
	[ -0.6956766916850446 ; -2.465034303352451 ; -0.5505118196745099 ; -1.8516038164311701 ; -0.9697251721961703 ; -1.206955012844016 ; -1.3173458441152919 ;  ]
	[ -0.9384068172632509 ; -0.9546293464881408 ; -0.8542983370136694 ; -0.8088557305540969 ; -0.8936764103236641 ; -1.776309242338952 ; -1.0280973116062242 ;  ]

	Исходный массив смещений:
	[ -1.5000000000000002 ; -0.9999999999999999 ; -0.773977963777419 ; -1.2740735018343985 ; -2.4708103062966975 ; -2.263437980305251 ; -1.4980137835352259 ;  ]
	[ -1.4000000000000001 ; -0.7999999999999999 ; -1.496065731276552 ; -2.365656234754052 ; -1.6511821708610765 ; -0.8639341373975917 ; -1.388946220825344 ;  ]
	[ -0.7421837906492642 ; -1.1827062671670936 ; -0.41372139452676426 ; -0.7866058815998923 ; -1.497794669528511 ; -2.0940033451661217 ; -1.666902307037875 ;  ]
	[ -2.9493649299652605 ; -3.5401594142511654 ; -2.8033640578499748 ; -2.7356149869255404 ; -2.9797882509719527 ; -3.4827268831402978 ; -3.097044991394611 ;  ]
	[ -2.7881684629282697 ; -1.914751305425662 ; -1.8985388366983653 ; -1.353543247388079 ; -1.7662770316088625 ; -1.864094224733829 ; -2.1454679117297113 ;  ]
	[ -2.0154380751402297 ; -0.8603744274296777 ; -0.8620466925623541 ; -2.2948705606696995 ; -1.9899065457080813 ; -2.3710633666064993 ; -1.3998638399546266 ;  ]
	[ -0.5866829273306049 ; -1.4130703804811322 ; -2.316611960638473 ; -0.43480505326624685 ; -1.293652569195263 ; -1.7720997879562397 ; -0.9920284536615824 ;  ]

	Полученный массив весов:
	[ -1.5000000000000002 ; -1.3923399468838327 ; -1.1671275282968137 ; -1.1368533728733032 ; -0.6688997105084323 ; -0.9686978093283692 ; -2.1184930489952833 ;  ]
	[ -0.30448889394969725 ; -1.717119153446054 ; -0.31104476060095787 ; -0.9718342958192839 ; -0.8513531066797451 ; -0.3831798284056551 ; -0.9142436172289387 ;  ]
	[ -2.174968706814659 ; -1.71367557511252 ; -0.6260418826613243 ; -2.175598781802687 ; -0.4665862753026808 ; -1.5636809828411549 ; -1.6067398281261533 ;  ]
	[ -1.9150100359069648 ; -2.5014673470891067 ; -2.452798736343434 ; -3.051248048729373 ; -3.1625922013077985 ; -3.677938006093266 ; -2.0236026514993575 ;  ]
	[ -2.018412738597115 ; -2.3443926965823363 ; -3.04935881936395 ; -1.9442363869355024 ; -1.427176489389834 ; -1.4997462144798939 ; -1.6115463051963634 ;  ]
	[ -0.7956766916850446 ; -2.565034303352451 ; -0.6505118196745099 ; -1.9516038164311702 ; -1.0697251721961702 ; -1.3069550128440162 ; -1.417345844115292 ;  ]
	[ -0.9384068172632509 ; -0.9546293464881408 ; -0.8542983370136694 ; -0.8088557305540969 ; -0.8936764103236641 ; -1.776309242338952 ; -1.0280973116062242 ;  ]

	Полученный массив смещений:
	[ -1.5000000000000002 ; -0.9999999999999999 ; -0.773977963777419 ; -1.2740735018343985 ; -2.4708103062966975 ; -2.263437980305251 ; -1.4980137835352259 ;  ]
	[ -1.4000000000000001 ; -0.7999999999999999 ; -1.496065731276552 ; -2.365656234754052 ; -1.6511821708610765 ; -0.8639341373975917 ; -1.388946220825344 ;  ]
	[ -0.6421837906492642 ; -1.0827062671670935 ; -0.3137213945267643 ; -0.6866058815998923 ; -1.3977946695285108 ; -1.9940033451661217 ; -1.566902307037875 ;  ]
	[ -3.0493649299652605 ; -3.6401594142511655 ; -2.903364057849975 ; -2.8356149869255405 ; -3.0797882509719527 ; -3.582726883140298 ; -3.1970449913946113 ;  ]
	[ -2.88816846292827 ; -2.014751305425662 ; -1.9985388366983654 ; -1.4535432473880792 ; -1.8662770316088626 ; -1.964094224733829 ; -2.2454679117297114 ;  ]
	[ -2.1154380751402297 ; -0.9603744274296777 ; -0.9620466925623541 ; -2.3948705606696996 ; -2.0899065457080814 ; -2.4710633666064994 ; -1.4998638399546267 ;  ]
	[ -0.5866829273306049 ; -1.4130703804811322 ; -2.316611960638473 ; -0.43480505326624685 ; -1.293652569195263 ; -1.7720997879562397 ; -0.9920284536615824 ;  ]
	Корректировка весов и смещений №3
	===============================================
