	===============================================
	Корректировка весов и смещений №3

	Thu Oct  5 23:52:34 2023

	Исходный массив весов:
	[ -4.300000000000001 ; -4.192339946883834 ; -3.967127528296816 ; -3.9368533728733057 ; -3.4688997105084343 ; -3.7686978093283714 ; -4.918493048995281 ;  ]
	[ -1.804488893949698 ; -3.2171191534460553 ; -1.8110447606009585 ; -2.471834295819285 ; -2.351353106679746 ; -1.8831798284056558 ; -2.41424361722894 ;  ]
	[ -3.7749687068146605 ; -3.3136755751125215 ; -2.2260418826613253 ; -3.7755987818026884 ; -2.0665862753026816 ; -3.1636809828411563 ; -3.2067398281261545 ;  ]
	[ -4.615010035906964 ; -5.201467347089103 ; -5.152798736343431 ; -5.751248048729368 ; -5.862592201307793 ; -6.377938006093258 ; -4.723602651499356 ;  ]
	[ -3.3184127385971163 ; -3.6443926965823374 ; -4.34935881936395 ; -3.2442363869355035 ; -2.727176489389835 ; -2.799746214479895 ; -2.9115463051963646 ;  ]
	[ -1.7956766916850453 ; -3.565034303352452 ; -1.6505118196745103 ; -2.951603816431171 ; -2.069725172196171 ; -2.306955012844017 ; -2.417345844115293 ;  ]
	[ -2.8384068172632526 ; -2.8546293464881423 ; -2.7542983370136707 ; -2.7088557305540983 ; -2.7936764103236653 ; -3.6763092423389536 ; -2.928097311606226 ;  ]

	Исходный массив смещений:
	[ -4.300000000000001 ; -3.800000000000002 ; -3.573977963777421 ; -4.074073501834401 ; -5.270810306296695 ; -5.063437980305249 ; -4.298013783535227 ;  ]
	[ -2.9000000000000012 ; -2.3000000000000007 ; -2.9960657312765533 ; -3.8656562347540535 ; -3.1511821708610777 ; -2.363934137397593 ; -2.8889462208253454 ;  ]
	[ -2.242183790649265 ; -2.6827062671670947 ; -1.9137213945267648 ; -2.2866058815998933 ; -2.997794669528512 ; -3.594003345166123 ; -3.1669023070378763 ;  ]
	[ -5.749364929965255 ; -6.340159414251158 ; -5.60336405784997 ; -5.535614986925536 ; -5.779788250971947 ; -6.28272688314029 ; -5.897044991394606 ;  ]
	[ -4.18816846292827 ; -3.314751305425663 ; -3.2985388366983663 ; -2.7535432473880803 ; -3.1662770316088635 ; -3.2640942247338303 ; -3.5454679117297125 ;  ]
	[ -3.1154380751402306 ; -1.9603744274296786 ; -1.962046692562355 ; -3.3948705606697005 ; -3.0899065457080823 ; -3.4710633666065003 ; -2.4998638399546276 ;  ]
	[ -2.486682927330606 ; -3.313070380481134 ; -4.216611960638474 ; -2.3348050532662477 ; -3.1936525691952644 ; -3.6720997879562414 ; -2.892028453661584 ;  ]

	Полученный массив весов:
	[ -4.300000000000001 ; -4.192339946883834 ; -3.967127528296816 ; -3.9368533728733057 ; -3.4688997105084343 ; -3.7686978093283714 ; -4.918493048995281 ;  ]
	[ -1.904488893949698 ; -3.3171191534460553 ; -1.9110447606009586 ; -2.571834295819285 ; -2.451353106679746 ; -1.9831798284056559 ; -2.51424361722894 ;  ]
	[ -3.7749687068146605 ; -3.3136755751125215 ; -2.2260418826613253 ; -3.7755987818026884 ; -2.0665862753026816 ; -3.1636809828411563 ; -3.2067398281261545 ;  ]
	[ -4.615010035906964 ; -5.201467347089103 ; -5.152798736343431 ; -5.751248048729368 ; -5.862592201307793 ; -6.377938006093258 ; -4.723602651499356 ;  ]
	[ -3.3184127385971163 ; -3.6443926965823374 ; -4.34935881936395 ; -3.2442363869355035 ; -2.727176489389835 ; -2.799746214479895 ; -2.9115463051963646 ;  ]
	[ -1.7956766916850453 ; -3.565034303352452 ; -1.6505118196745103 ; -2.951603816431171 ; -2.069725172196171 ; -2.306955012844017 ; -2.417345844115293 ;  ]
	[ -2.9384068172632527 ; -2.9546293464881423 ; -2.8542983370136707 ; -2.8088557305540984 ; -2.8936764103236654 ; -3.7763092423389537 ; -3.028097311606226 ;  ]

	Полученный массив смещений:
	[ -4.300000000000001 ; -3.800000000000002 ; -3.573977963777421 ; -4.074073501834401 ; -5.270810306296695 ; -5.063437980305249 ; -4.298013783535227 ;  ]
	[ -3.0000000000000013 ; -2.400000000000001 ; -3.0960657312765534 ; -3.9656562347540536 ; -3.2511821708610777 ; -2.463934137397593 ; -2.9889462208253454 ;  ]
	[ -2.242183790649265 ; -2.6827062671670947 ; -1.9137213945267648 ; -2.2866058815998933 ; -2.997794669528512 ; -3.594003345166123 ; -3.1669023070378763 ;  ]
	[ -5.749364929965255 ; -6.340159414251158 ; -5.60336405784997 ; -5.535614986925536 ; -5.779788250971947 ; -6.28272688314029 ; -5.897044991394606 ;  ]
	[ -4.18816846292827 ; -3.314751305425663 ; -3.2985388366983663 ; -2.7535432473880803 ; -3.1662770316088635 ; -3.2640942247338303 ; -3.5454679117297125 ;  ]
	[ -3.1154380751402306 ; -1.9603744274296786 ; -1.962046692562355 ; -3.3948705606697005 ; -3.0899065457080823 ; -3.4710633666065003 ; -2.4998638399546276 ;  ]
	[ -2.5866829273306062 ; -3.413070380481134 ; -4.316611960638474 ; -2.4348050532662477 ; -3.2936525691952645 ; -3.7720997879562415 ; -2.992028453661584 ;  ]
	Корректировка весов и смещений №3
	===============================================
