	===============================================
	Корректировка весов и смещений №3

	Thu Oct  5 23:50:15 2023

	Исходный массив весов:
	[ -2.400000000000001 ; -2.2923399468838332 ; -2.0671275282968145 ; -2.036853372873304 ; -1.5688997105084328 ; -1.86869780932837 ; -3.018493048995284 ;  ]
	[ -1.3044888939496975 ; -2.717119153446055 ; -1.311044760600958 ; -1.9718342958192847 ; -1.8513531066797457 ; -1.3831798284056553 ; -1.9142436172289394 ;  ]
	[ -2.9749687068146597 ; -2.513675575112521 ; -1.4260418826613246 ; -2.9755987818026877 ; -1.2665862753026809 ; -2.3636809828411556 ; -2.406739828126154 ;  ]
	[ -3.415010035906966 ; -4.001467347089108 ; -3.952798736343435 ; -4.551248048729372 ; -4.662592201307797 ; -5.177938006093262 ; -3.523602651499359 ;  ]
	[ -2.5184127385971156 ; -2.8443926965823367 ; -3.5493588193639503 ; -2.444236386935503 ; -1.9271764893898342 ; -1.9997462144798943 ; -2.111546305196364 ;  ]
	[ -1.5956766916850451 ; -3.3650343033524517 ; -1.4505118196745101 ; -2.751603816431171 ; -1.869725172196171 ; -2.1069550128440167 ; -2.2173458441152927 ;  ]
	[ -1.8384068172632517 ; -1.8546293464881416 ; -1.75429833701367 ; -1.7088557305540975 ; -1.7936764103236646 ; -2.6763092423389527 ; -1.928097311606225 ;  ]

	Исходный массив смещений:
	[ -2.400000000000001 ; -1.9000000000000006 ; -1.6739779637774195 ; -2.1740735018343993 ; -3.3708103062966983 ; -3.1634379803052517 ; -2.3980137835352267 ;  ]
	[ -2.400000000000001 ; -1.8000000000000005 ; -2.496065731276553 ; -3.365656234754053 ; -2.651182170861077 ; -1.8639341373975924 ; -2.388946220825345 ;  ]
	[ -1.4421837906492645 ; -1.8827062671670942 ; -1.1137213945267643 ; -1.4866058815998926 ; -2.1977946695285113 ; -2.7940033451661224 ; -2.3669023070378756 ;  ]
	[ -4.549364929965259 ; -5.140159414251162 ; -4.403364057849974 ; -4.33561498692554 ; -4.579788250971951 ; -5.082726883140294 ; -4.69704499139461 ;  ]
	[ -3.3881684629282702 ; -2.5147513054256625 ; -2.4985388366983656 ; -1.9535432473880796 ; -2.366277031608863 ; -2.4640942247338296 ; -2.745467911729712 ;  ]
	[ -2.9154380751402305 ; -1.7603744274296784 ; -1.7620466925623548 ; -3.1948705606697003 ; -2.889906545708082 ; -3.2710633666065 ; -2.2998638399546274 ;  ]
	[ -1.4866829273306053 ; -2.313070380481133 ; -3.216611960638474 ; -1.334805053266247 ; -2.1936525691952635 ; -2.6720997879562405 ; -1.8920284536615832 ;  ]

	Полученный массив весов:
	[ -2.500000000000001 ; -2.3923399468838333 ; -2.1671275282968145 ; -2.136853372873304 ; -1.6688997105084329 ; -1.96869780932837 ; -3.1184930489952842 ;  ]
	[ -1.4044888939496976 ; -2.817119153446055 ; -1.4110447606009582 ; -2.0718342958192846 ; -1.9513531066797458 ; -1.4831798284056554 ; -2.0142436172289395 ;  ]
	[ -3.07496870681466 ; -2.613675575112521 ; -1.5260418826613247 ; -3.0755987818026878 ; -1.366586275302681 ; -2.4636809828411557 ; -2.506739828126154 ;  ]
	[ -3.415010035906966 ; -4.001467347089108 ; -3.952798736343435 ; -4.551248048729372 ; -4.662592201307797 ; -5.177938006093262 ; -3.523602651499359 ;  ]
	[ -2.5184127385971156 ; -2.8443926965823367 ; -3.5493588193639503 ; -2.444236386935503 ; -1.9271764893898342 ; -1.9997462144798943 ; -2.111546305196364 ;  ]
	[ -1.5956766916850451 ; -3.3650343033524517 ; -1.4505118196745101 ; -2.751603816431171 ; -1.869725172196171 ; -2.1069550128440167 ; -2.2173458441152927 ;  ]
	[ -1.7384068172632516 ; -1.7546293464881415 ; -1.65429833701367 ; -1.6088557305540974 ; -1.6936764103236646 ; -2.5763092423389526 ; -1.828097311606225 ;  ]

	Полученный массив смещений:
	[ -2.500000000000001 ; -2.0000000000000004 ; -1.7739779637774196 ; -2.2740735018343994 ; -3.4708103062966984 ; -3.263437980305252 ; -2.4980137835352267 ;  ]
	[ -2.500000000000001 ; -1.9000000000000006 ; -2.596065731276553 ; -3.465656234754053 ; -2.7511821708610773 ; -1.9639341373975925 ; -2.488946220825345 ;  ]
	[ -1.5421837906492646 ; -1.9827062671670943 ; -1.2137213945267644 ; -1.5866058815998927 ; -2.2977946695285114 ; -2.8940033451661225 ; -2.4669023070378757 ;  ]
	[ -4.549364929965259 ; -5.140159414251162 ; -4.403364057849974 ; -4.33561498692554 ; -4.579788250971951 ; -5.082726883140294 ; -4.69704499139461 ;  ]
	[ -3.3881684629282702 ; -2.5147513054256625 ; -2.4985388366983656 ; -1.9535432473880796 ; -2.366277031608863 ; -2.4640942247338296 ; -2.745467911729712 ;  ]
	[ -2.9154380751402305 ; -1.7603744274296784 ; -1.7620466925623548 ; -3.1948705606697003 ; -2.889906545708082 ; -3.2710633666065 ; -2.2998638399546274 ;  ]
	[ -1.3866829273306052 ; -2.213070380481133 ; -3.116611960638474 ; -1.234805053266247 ; -2.0936525691952634 ; -2.5720997879562404 ; -1.7920284536615831 ;  ]
	Корректировка весов и смещений №3
	===============================================
