	===============================================
	Корректировка весов и смещений №3

	Thu Oct  5 23:55:21 2023

	Исходный массив весов:
	[ -4.799999999999999 ; -4.692339946883832 ; -4.467127528296815 ; -4.436853372873304 ; -3.9688997105084347 ; -4.268697809328371 ; -5.41849304899528 ;  ]
	[ -3.3044888939496992 ; -4.7171191534460535 ; -3.31104476060096 ; -3.9718342958192863 ; -3.8513531066797473 ; -3.383179828405657 ; -3.914243617228941 ;  ]
	[ -3.97496870681466 ; -3.5136755751125217 ; -2.4260418826613255 ; -3.9755987818026886 ; -2.2665862753026818 ; -3.3636809828411565 ; -3.4067398281261547 ;  ]
	[ -3.9150100359069664 ; -4.501467347089106 ; -4.452798736343434 ; -5.05124804872937 ; -5.162592201307795 ; -5.67793800609326 ; -4.023602651499359 ;  ]
	[ -5.71841273859711 ; -6.044392696582331 ; -6.749358819363941 ; -5.644236386935498 ; -5.127176489389832 ; -5.199746214479892 ; -5.3115463051963605 ;  ]
	[ -3.1956766916850463 ; -4.965034303352449 ; -3.0505118196745116 ; -4.351603816431171 ; -3.4697251721961724 ; -3.706955012844018 ; -3.817345844115294 ;  ]
	[ -3.7384068172632534 ; -3.754629346488143 ; -3.6542983370136715 ; -3.608855730554099 ; -3.693676410323666 ; -4.576309242338952 ; -3.8280973116062267 ;  ]

	Исходный массив смещений:
	[ -4.799999999999999 ; -4.300000000000001 ; -4.073977963777422 ; -4.574073501834399 ; -5.770810306296693 ; -5.563437980305247 ; -4.798013783535225 ;  ]
	[ -4.4 ; -3.800000000000002 ; -4.496065731276553 ; -5.365656234754049 ; -4.651182170861076 ; -3.863934137397594 ; -4.388946220825345 ;  ]
	[ -2.442183790649265 ; -2.882706267167095 ; -2.113721394526765 ; -2.4866058815998935 ; -3.197794669528512 ; -3.7940033451661233 ; -3.3669023070378765 ;  ]
	[ -5.049364929965257 ; -5.64015941425116 ; -4.903364057849973 ; -4.835614986925538 ; -5.07978825097195 ; -5.5827268831402925 ; -5.197044991394608 ;  ]
	[ -6.5881684629282615 ; -5.714751305425658 ; -5.698538836698361 ; -5.153543247388077 ; -5.566277031608859 ; -5.664094224733825 ; -5.945467911729706 ;  ]
	[ -4.51543807514023 ; -3.36037442742968 ; -3.362046692562356 ; -4.794870560669699 ; -4.489906545708082 ; -4.8710633666064975 ; -3.899863839954629 ;  ]
	[ -3.386682927330607 ; -4.213070380481134 ; -5.116611960638471 ; -3.2348050532662485 ; -4.093652569195265 ; -4.5720997879562395 ; -3.792028453661585 ;  ]

	Полученный массив весов:
	[ -4.899999999999999 ; -4.792339946883832 ; -4.5671275282968145 ; -4.536853372873304 ; -4.068899710508434 ; -4.368697809328371 ; -5.518493048995279 ;  ]
	[ -3.3044888939496992 ; -4.7171191534460535 ; -3.31104476060096 ; -3.9718342958192863 ; -3.8513531066797473 ; -3.383179828405657 ; -3.914243617228941 ;  ]
	[ -3.97496870681466 ; -3.5136755751125217 ; -2.4260418826613255 ; -3.9755987818026886 ; -2.2665862753026818 ; -3.3636809828411565 ; -3.4067398281261547 ;  ]
	[ -4.0150100359069665 ; -4.601467347089105 ; -4.5527987363434335 ; -5.15124804872937 ; -5.262592201307795 ; -5.77793800609326 ; -4.1236026514993585 ;  ]
	[ -5.71841273859711 ; -6.044392696582331 ; -6.749358819363941 ; -5.644236386935498 ; -5.127176489389832 ; -5.199746214479892 ; -5.3115463051963605 ;  ]
	[ -3.2956766916850464 ; -5.065034303352449 ; -3.1505118196745117 ; -4.45160381643117 ; -3.5697251721961725 ; -3.806955012844018 ; -3.917345844115294 ;  ]
	[ -3.6384068172632533 ; -3.654629346488143 ; -3.5542983370136714 ; -3.508855730554099 ; -3.593676410323666 ; -4.476309242338952 ; -3.7280973116062266 ;  ]

	Полученный массив смещений:
	[ -4.899999999999999 ; -4.4 ; -4.173977963777421 ; -4.674073501834399 ; -5.8708103062966925 ; -5.663437980305247 ; -4.898013783535225 ;  ]
	[ -4.4 ; -3.800000000000002 ; -4.496065731276553 ; -5.365656234754049 ; -4.651182170861076 ; -3.863934137397594 ; -4.388946220825345 ;  ]
	[ -2.442183790649265 ; -2.882706267167095 ; -2.113721394526765 ; -2.4866058815998935 ; -3.197794669528512 ; -3.7940033451661233 ; -3.3669023070378765 ;  ]
	[ -5.149364929965257 ; -5.74015941425116 ; -5.003364057849972 ; -4.935614986925538 ; -5.179788250971949 ; -5.682726883140292 ; -5.297044991394608 ;  ]
	[ -6.5881684629282615 ; -5.714751305425658 ; -5.698538836698361 ; -5.153543247388077 ; -5.566277031608859 ; -5.664094224733825 ; -5.945467911729706 ;  ]
	[ -4.615438075140229 ; -3.46037442742968 ; -3.4620466925623563 ; -4.894870560669698 ; -4.589906545708081 ; -4.971063366606497 ; -3.999863839954629 ;  ]
	[ -3.286682927330607 ; -4.113070380481134 ; -5.016611960638471 ; -3.1348050532662484 ; -3.9936525691952647 ; -4.47209978795624 ; -3.692028453661585 ;  ]
	Корректировка весов и смещений №3
	===============================================
