	===============================================
	Корректировка весов и смещений №3

	Thu Oct  5 23:52:54 2023

	Исходный массив весов:
	[ -4.300000000000001 ; -4.192339946883834 ; -3.967127528296816 ; -3.9368533728733057 ; -3.4688997105084343 ; -3.7686978093283714 ; -4.918493048995281 ;  ]
	[ -2.004488893949698 ; -3.4171191534460554 ; -2.0110447606009587 ; -2.671834295819285 ; -2.551353106679746 ; -2.083179828405656 ; -2.61424361722894 ;  ]
	[ -3.7749687068146605 ; -3.3136755751125215 ; -2.2260418826613253 ; -3.7755987818026884 ; -2.0665862753026816 ; -3.1636809828411563 ; -3.2067398281261545 ;  ]
	[ -4.815010035906964 ; -5.401467347089103 ; -5.352798736343431 ; -5.951248048729367 ; -6.062592201307792 ; -6.577938006093257 ; -4.923602651499356 ;  ]
	[ -3.8184127385971167 ; -4.144392696582337 ; -4.849358819363948 ; -3.744236386935504 ; -3.2271764893898354 ; -3.2997462144798955 ; -3.411546305196365 ;  ]
	[ -1.8956766916850454 ; -3.665034303352452 ; -1.7505118196745104 ; -3.051603816431171 ; -2.1697251721961712 ; -2.406955012844017 ; -2.517345844115293 ;  ]
	[ -2.8384068172632526 ; -2.8546293464881423 ; -2.7542983370136707 ; -2.7088557305540983 ; -2.7936764103236653 ; -3.6763092423389536 ; -2.928097311606226 ;  ]

	Исходный массив смещений:
	[ -4.300000000000001 ; -3.800000000000002 ; -3.573977963777421 ; -4.074073501834401 ; -5.270810306296695 ; -5.063437980305249 ; -4.298013783535227 ;  ]
	[ -3.1000000000000014 ; -2.500000000000001 ; -3.1960657312765535 ; -4.065656234754053 ; -3.351182170861078 ; -2.563934137397593 ; -3.0889462208253455 ;  ]
	[ -2.242183790649265 ; -2.6827062671670947 ; -1.9137213945267648 ; -2.2866058815998933 ; -2.997794669528512 ; -3.594003345166123 ; -3.1669023070378763 ;  ]
	[ -5.949364929965254 ; -6.540159414251157 ; -5.8033640578499694 ; -5.735614986925535 ; -5.979788250971946 ; -6.482726883140289 ; -6.097044991394605 ;  ]
	[ -4.688168462928268 ; -3.8147513054256637 ; -3.798538836698367 ; -3.2535432473880808 ; -3.666277031608864 ; -3.7640942247338307 ; -4.0454679117297125 ;  ]
	[ -3.2154380751402307 ; -2.0603744274296787 ; -2.062046692562355 ; -3.4948705606697006 ; -3.1899065457080824 ; -3.5710633666065004 ; -2.5998638399546277 ;  ]
	[ -2.486682927330606 ; -3.313070380481134 ; -4.216611960638474 ; -2.3348050532662477 ; -3.1936525691952644 ; -3.6720997879562414 ; -2.892028453661584 ;  ]

	Полученный массив весов:
	[ -4.300000000000001 ; -4.192339946883834 ; -3.967127528296816 ; -3.9368533728733057 ; -3.4688997105084343 ; -3.7686978093283714 ; -4.918493048995281 ;  ]
	[ -2.2044888939496983 ; -3.6171191534460556 ; -2.211044760600959 ; -2.8718342958192853 ; -2.7513531066797463 ; -2.283179828405656 ; -2.8142436172289402 ;  ]
	[ -3.7749687068146605 ; -3.3136755751125215 ; -2.2260418826613253 ; -3.7755987818026884 ; -2.0665862753026816 ; -3.1636809828411563 ; -3.2067398281261545 ;  ]
	[ -4.815010035906964 ; -5.401467347089103 ; -5.352798736343431 ; -5.951248048729367 ; -6.062592201307792 ; -6.577938006093257 ; -4.923602651499356 ;  ]
	[ -3.8184127385971167 ; -4.144392696582337 ; -4.849358819363948 ; -3.744236386935504 ; -3.2271764893898354 ; -3.2997462144798955 ; -3.411546305196365 ;  ]
	[ -1.8956766916850454 ; -3.665034303352452 ; -1.7505118196745104 ; -3.051603816431171 ; -2.1697251721961712 ; -2.406955012844017 ; -2.517345844115293 ;  ]
	[ -2.8384068172632526 ; -2.8546293464881423 ; -2.7542983370136707 ; -2.7088557305540983 ; -2.7936764103236653 ; -3.6763092423389536 ; -2.928097311606226 ;  ]

	Полученный массив смещений:
	[ -4.300000000000001 ; -3.800000000000002 ; -3.573977963777421 ; -4.074073501834401 ; -5.270810306296695 ; -5.063437980305249 ; -4.298013783535227 ;  ]
	[ -3.3000000000000016 ; -2.700000000000001 ; -3.3960657312765536 ; -4.2656562347540525 ; -3.551182170861078 ; -2.763934137397593 ; -3.2889462208253457 ;  ]
	[ -2.242183790649265 ; -2.6827062671670947 ; -1.9137213945267648 ; -2.2866058815998933 ; -2.997794669528512 ; -3.594003345166123 ; -3.1669023070378763 ;  ]
	[ -5.949364929965254 ; -6.540159414251157 ; -5.8033640578499694 ; -5.735614986925535 ; -5.979788250971946 ; -6.482726883140289 ; -6.097044991394605 ;  ]
	[ -4.688168462928268 ; -3.8147513054256637 ; -3.798538836698367 ; -3.2535432473880808 ; -3.666277031608864 ; -3.7640942247338307 ; -4.0454679117297125 ;  ]
	[ -3.2154380751402307 ; -2.0603744274296787 ; -2.062046692562355 ; -3.4948705606697006 ; -3.1899065457080824 ; -3.5710633666065004 ; -2.5998638399546277 ;  ]
	[ -2.486682927330606 ; -3.313070380481134 ; -4.216611960638474 ; -2.3348050532662477 ; -3.1936525691952644 ; -3.6720997879562414 ; -2.892028453661584 ;  ]
	Корректировка весов и смещений №3
	===============================================
