	===============================================
	Корректировка весов и смещений №3

	Thu Oct  5 23:50:25 2023

	Исходный массив весов:
	[ -2.500000000000001 ; -2.3923399468838333 ; -2.1671275282968145 ; -2.136853372873304 ; -1.6688997105084329 ; -1.96869780932837 ; -3.1184930489952842 ;  ]
	[ -1.3044888939496975 ; -2.717119153446055 ; -1.311044760600958 ; -1.9718342958192845 ; -1.8513531066797457 ; -1.3831798284056553 ; -1.9142436172289394 ;  ]
	[ -3.27496870681466 ; -2.813675575112521 ; -1.7260418826613249 ; -3.275598781802688 ; -1.5665862753026811 ; -2.663680982841156 ; -2.706739828126154 ;  ]
	[ -3.415010035906966 ; -4.001467347089108 ; -3.952798736343435 ; -4.551248048729372 ; -4.662592201307797 ; -5.177938006093262 ; -3.523602651499359 ;  ]
	[ -2.5184127385971156 ; -2.8443926965823367 ; -3.5493588193639503 ; -2.444236386935503 ; -1.9271764893898342 ; -1.9997462144798943 ; -2.111546305196364 ;  ]
	[ -1.6956766916850452 ; -3.4650343033524518 ; -1.5505118196745102 ; -2.851603816431171 ; -1.969725172196171 ; -2.2069550128440167 ; -2.3173458441152928 ;  ]
	[ -1.7384068172632516 ; -1.7546293464881415 ; -1.65429833701367 ; -1.6088557305540974 ; -1.6936764103236646 ; -2.5763092423389526 ; -1.828097311606225 ;  ]

	Исходный массив смещений:
	[ -2.500000000000001 ; -2.0000000000000004 ; -1.7739779637774196 ; -2.2740735018343994 ; -3.4708103062966984 ; -3.263437980305252 ; -2.4980137835352267 ;  ]
	[ -2.400000000000001 ; -1.8000000000000005 ; -2.496065731276553 ; -3.365656234754053 ; -2.651182170861077 ; -1.8639341373975924 ; -2.388946220825345 ;  ]
	[ -1.7421837906492648 ; -2.1827062671670943 ; -1.4137213945267646 ; -1.7866058815998929 ; -2.4977946695285116 ; -3.0940033451661226 ; -2.666902307037876 ;  ]
	[ -4.549364929965259 ; -5.140159414251162 ; -4.403364057849974 ; -4.33561498692554 ; -4.579788250971951 ; -5.082726883140294 ; -4.69704499139461 ;  ]
	[ -3.3881684629282702 ; -2.5147513054256625 ; -2.4985388366983656 ; -1.9535432473880796 ; -2.366277031608863 ; -2.4640942247338296 ; -2.745467911729712 ;  ]
	[ -3.0154380751402305 ; -1.8603744274296785 ; -1.8620466925623549 ; -3.2948705606697004 ; -2.9899065457080822 ; -3.3710633666065 ; -2.3998638399546275 ;  ]
	[ -1.3866829273306052 ; -2.213070380481133 ; -3.116611960638474 ; -1.234805053266247 ; -2.0936525691952634 ; -2.5720997879562404 ; -1.7920284536615831 ;  ]

	Полученный массив весов:
	[ -2.500000000000001 ; -2.3923399468838333 ; -2.1671275282968145 ; -2.136853372873304 ; -1.6688997105084329 ; -1.96869780932837 ; -3.1184930489952842 ;  ]
	[ -1.3044888939496975 ; -2.717119153446055 ; -1.311044760600958 ; -1.9718342958192845 ; -1.8513531066797457 ; -1.3831798284056553 ; -1.9142436172289394 ;  ]
	[ -3.17496870681466 ; -2.713675575112521 ; -1.6260418826613248 ; -3.175598781802688 ; -1.466586275302681 ; -2.5636809828411558 ; -2.606739828126154 ;  ]
	[ -3.615010035906966 ; -4.201467347089107 ; -4.152798736343435 ; -4.751248048729371 ; -4.8625922013077965 ; -5.377938006093261 ; -3.723602651499359 ;  ]
	[ -2.5184127385971156 ; -2.8443926965823367 ; -3.5493588193639503 ; -2.444236386935503 ; -1.9271764893898342 ; -1.9997462144798943 ; -2.111546305196364 ;  ]
	[ -1.6956766916850452 ; -3.4650343033524518 ; -1.5505118196745102 ; -2.851603816431171 ; -1.969725172196171 ; -2.2069550128440167 ; -2.3173458441152928 ;  ]
	[ -1.8384068172632517 ; -1.8546293464881416 ; -1.75429833701367 ; -1.7088557305540975 ; -1.7936764103236646 ; -2.6763092423389527 ; -1.928097311606225 ;  ]

	Полученный массив смещений:
	[ -2.500000000000001 ; -2.0000000000000004 ; -1.7739779637774196 ; -2.2740735018343994 ; -3.4708103062966984 ; -3.263437980305252 ; -2.4980137835352267 ;  ]
	[ -2.400000000000001 ; -1.8000000000000005 ; -2.496065731276553 ; -3.365656234754053 ; -2.651182170861077 ; -1.8639341373975924 ; -2.388946220825345 ;  ]
	[ -1.6421837906492647 ; -2.082706267167094 ; -1.3137213945267645 ; -1.6866058815998928 ; -2.3977946695285115 ; -2.9940033451661225 ; -2.566902307037876 ;  ]
	[ -4.7493649299652585 ; -5.340159414251161 ; -4.603364057849974 ; -4.535614986925539 ; -4.779788250971951 ; -5.282726883140294 ; -4.897044991394609 ;  ]
	[ -3.3881684629282702 ; -2.5147513054256625 ; -2.4985388366983656 ; -1.9535432473880796 ; -2.366277031608863 ; -2.4640942247338296 ; -2.745467911729712 ;  ]
	[ -3.0154380751402305 ; -1.8603744274296785 ; -1.8620466925623549 ; -3.2948705606697004 ; -2.9899065457080822 ; -3.3710633666065 ; -2.3998638399546275 ;  ]
	[ -1.4866829273306053 ; -2.313070380481133 ; -3.216611960638474 ; -1.334805053266247 ; -2.1936525691952635 ; -2.6720997879562405 ; -1.8920284536615832 ;  ]
	Корректировка весов и смещений №3
	===============================================
