	===============================================
	Корректировка весов и смещений №3

	Thu Oct  5 23:57:47 2023

	Исходный массив весов:
	[ -4.999999999999998 ; -4.892339946883832 ; -4.667127528296814 ; -4.636853372873303 ; -4.168899710508434 ; -4.46869780932837 ; -5.618493048995279 ;  ]
	[ -3.7044888939496996 ; -5.117119153446052 ; -3.7110447606009602 ; -4.371834295819285 ; -4.251353106679747 ; -3.7831798284056575 ; -4.31424361722894 ;  ]
	[ -5.374968706814656 ; -4.913675575112519 ; -3.8260418826613267 ; -5.375598781802684 ; -3.666586275302683 ; -4.763680982841154 ; -4.806739828126152 ;  ]
	[ -4.515010035906965 ; -5.101467347089104 ; -5.052798736343432 ; -5.651248048729368 ; -5.762592201307793 ; -6.277938006093258 ; -4.623602651499357 ;  ]
	[ -5.81841273859711 ; -6.14439269658233 ; -6.849358819363941 ; -5.744236386935498 ; -5.227176489389832 ; -5.2997462144798915 ; -5.41154630519636 ;  ]
	[ -4.495676691685046 ; -6.2650343033524445 ; -4.350511819674511 ; -5.651603816431166 ; -4.76972517219617 ; -5.006955012844014 ; -5.11734584411529 ;  ]
	[ -4.538406817263252 ; -4.5546293464881416 ; -4.45429833701367 ; -4.408855730554098 ; -4.493676410323665 ; -5.376309242338949 ; -4.628097311606225 ;  ]

	Исходный массив смещений:
	[ -4.999999999999998 ; -4.5 ; -4.273977963777421 ; -4.7740735018343985 ; -5.970810306296692 ; -5.7634379803052465 ; -4.9980137835352245 ;  ]
	[ -4.799999999999999 ; -4.200000000000001 ; -4.896065731276551 ; -5.765656234754047 ; -5.0511821708610745 ; -4.263934137397594 ; -4.788946220825344 ;  ]
	[ -3.8421837906492664 ; -4.282706267167095 ; -3.5137213945267662 ; -3.8866058815998947 ; -4.597794669528511 ; -5.194003345166119 ; -4.766902307037874 ;  ]
	[ -5.649364929965255 ; -6.240159414251158 ; -5.5033640578499705 ; -5.435614986925536 ; -5.6797882509719475 ; -6.18272688314029 ; -5.797044991394606 ;  ]
	[ -6.688168462928261 ; -5.814751305425657 ; -5.798538836698361 ; -5.253543247388077 ; -5.666277031608859 ; -5.7640942247338245 ; -6.045467911729705 ;  ]
	[ -5.815438075140225 ; -4.660374427429678 ; -4.662046692562354 ; -6.094870560669694 ; -5.789906545708077 ; -6.171063366606493 ; -5.199863839954625 ;  ]
	[ -4.186682927330607 ; -5.013070380481131 ; -5.916611960638468 ; -4.034805053266249 ; -4.893652569195262 ; -5.372099787956237 ; -4.592028453661583 ;  ]

	Полученный массив весов:
	[ -5.099999999999998 ; -4.992339946883831 ; -4.767127528296814 ; -4.736853372873303 ; -4.268899710508434 ; -4.56869780932837 ; -5.7184930489952785 ;  ]
	[ -3.8044888939496997 ; -5.217119153446052 ; -3.8110447606009603 ; -4.471834295819285 ; -4.351353106679746 ; -3.8831798284056576 ; -4.41424361722894 ;  ]
	[ -5.474968706814655 ; -5.013675575112519 ; -3.926041882661327 ; -5.475598781802684 ; -3.766586275302683 ; -4.863680982841154 ; -4.906739828126152 ;  ]
	[ -4.515010035906965 ; -5.101467347089104 ; -5.052798736343432 ; -5.651248048729368 ; -5.762592201307793 ; -6.277938006093258 ; -4.623602651499357 ;  ]
	[ -5.81841273859711 ; -6.14439269658233 ; -6.849358819363941 ; -5.744236386935498 ; -5.227176489389832 ; -5.2997462144798915 ; -5.41154630519636 ;  ]
	[ -4.495676691685046 ; -6.2650343033524445 ; -4.350511819674511 ; -5.651603816431166 ; -4.76972517219617 ; -5.006955012844014 ; -5.11734584411529 ;  ]
	[ -4.438406817263252 ; -4.454629346488142 ; -4.35429833701367 ; -4.308855730554098 ; -4.393676410323665 ; -5.276309242338949 ; -4.528097311606225 ;  ]

	Полученный массив смещений:
	[ -5.099999999999998 ; -4.6 ; -4.3739779637774205 ; -4.874073501834398 ; -6.070810306296692 ; -5.863437980305246 ; -5.098013783535224 ;  ]
	[ -4.899999999999999 ; -4.300000000000001 ; -4.996065731276551 ; -5.865656234754047 ; -5.151182170861074 ; -4.363934137397593 ; -4.888946220825344 ;  ]
	[ -3.9421837906492665 ; -4.382706267167094 ; -3.6137213945267663 ; -3.986605881599895 ; -4.697794669528511 ; -5.294003345166119 ; -4.866902307037874 ;  ]
	[ -5.649364929965255 ; -6.240159414251158 ; -5.5033640578499705 ; -5.435614986925536 ; -5.6797882509719475 ; -6.18272688314029 ; -5.797044991394606 ;  ]
	[ -6.688168462928261 ; -5.814751305425657 ; -5.798538836698361 ; -5.253543247388077 ; -5.666277031608859 ; -5.7640942247338245 ; -6.045467911729705 ;  ]
	[ -5.815438075140225 ; -4.660374427429678 ; -4.662046692562354 ; -6.094870560669694 ; -5.789906545708077 ; -6.171063366606493 ; -5.199863839954625 ;  ]
	[ -4.086682927330608 ; -4.913070380481131 ; -5.816611960638468 ; -3.9348050532662486 ; -4.793652569195262 ; -5.272099787956237 ; -4.492028453661583 ;  ]
	Корректировка весов и смещений №3
	===============================================
