	===============================================
	Корректировка весов и смещений №3

	Thu Oct  5 23:29:13 2023

	Исходный массив весов:
	[ -0.1 ; 0.007660053116167548 ; 0.23287247170318634 ; 0.2631466271266968 ; 0.7311002894915676 ; 0.43130219067163067 ; -0.7184930489952824 ;  ]
	[ 1.1955111060503028 ; -0.21711915344605345 ; 1.1889552393990421 ; 0.528165704180716 ; 0.6486468933202549 ; 1.1168201715943449 ; 0.5857563827710612 ;  ]
	[ -0.9749687068146582 ; -0.5136755751125195 ; 0.5739581173386756 ; -0.9755987818026861 ; 0.7334137246973191 ; -0.36368098284115447 ; -0.40673982812615295 ;  ]
	[ 0.9849899640930357 ; 0.39853265291089435 ; 0.4472012636565672 ; -0.1512480487293717 ; -0.26259220130779704 ; -0.7779380060932639 ; 0.8763973485006431 ;  ]
	[ 0.18158726140288547 ; -0.14439269658233528 ; -0.8493588193639481 ; 0.25576361306449846 ; 0.7728235106101662 ; 0.7002537855201063 ; 0.588453694803637 ;  ]
	[ 0.8043233083149552 ; -0.9650343033524496 ; 0.94948818032549 ; -0.35160381643116945 ; 0.5302748278038296 ; 0.29304498715598415 ; 0.18265415588470835 ;  ]
	[ 0.461593182736749 ; 0.4453706535118591 ; 0.5457016629863305 ; 0.591144269445903 ; 0.5063235896763358 ; -0.37630924233895136 ; 0.3719026883937757 ;  ]

	Исходный массив смещений:
	[ -0.1 ; 0.4 ; 0.6260220362225809 ; 0.1259264981656015 ; -1.0708103062966963 ; -0.8634379803052498 ; -0.09801378353522563 ;  ]
	[ 0.1 ; 0.7 ; 0.003934268723448403 ; -0.8656562347540512 ; -0.1511821708610762 ; 0.6360658626024082 ; 0.11105377917465611 ;  ]
	[ 0.5578162093507357 ; 0.11729373283290645 ; 0.8862786054732357 ; 0.5133941184001076 ; -0.19779466952851066 ; -0.794003345166121 ; -0.3669023070378745 ;  ]
	[ -0.14936492996525885 ; -0.7401594142511632 ; -0.003364057849973401 ; 0.06438501307446076 ; -0.17978825097195106 ; -0.682726883140296 ; -0.2970449913946096 ;  ]
	[ -0.6881684629282683 ; 0.18524869457433876 ; 0.2014611633016354 ; 0.746456752611921 ; 0.333722968391138 ; 0.2359057752661717 ; -0.0454679117297106 ;  ]
	[ -0.5154380751402288 ; 0.6396255725703222 ; 0.6379533074376458 ; -0.7948705606696986 ; -0.4899065457080807 ; -0.8710633666064982 ; 0.10013616004537362 ;  ]
	[ 0.813317072669395 ; -0.01307038048113185 ; -0.916611960638472 ; 0.9651949467337531 ; 0.10634743080473719 ; -0.3720997879562391 ; 0.4079715463384175 ;  ]

	Полученный массив весов:
	[ -0.1 ; 0.007660053116167548 ; 0.23287247170318634 ; 0.2631466271266968 ; 0.7311002894915676 ; 0.43130219067163067 ; -0.7184930489952824 ;  ]
	[ 1.2955111060503028 ; -0.11711915344605345 ; 1.2889552393990422 ; 0.6281657041807159 ; 0.7486468933202549 ; 1.216820171594345 ; 0.6857563827710612 ;  ]
	[ -1.0749687068146583 ; -0.6136755751125195 ; 0.47395811733867566 ; -1.0755987818026862 ; 0.6334137246973192 ; -0.46368098284115444 ; -0.5067398281261529 ;  ]
	[ 0.9849899640930357 ; 0.39853265291089435 ; 0.4472012636565672 ; -0.1512480487293717 ; -0.26259220130779704 ; -0.7779380060932639 ; 0.8763973485006431 ;  ]
	[ 0.08158726140288547 ; -0.24439269658233528 ; -0.9493588193639481 ; 0.15576361306449846 ; 0.6728235106101662 ; 0.6002537855201063 ; 0.488453694803637 ;  ]
	[ 0.8043233083149552 ; -0.9650343033524496 ; 0.94948818032549 ; -0.35160381643116945 ; 0.5302748278038296 ; 0.29304498715598415 ; 0.18265415588470835 ;  ]
	[ 0.361593182736749 ; 0.34537065351185914 ; 0.4457016629863305 ; 0.49114426944590306 ; 0.40632358967633586 ; -0.47630924233895133 ; 0.27190268839377574 ;  ]

	Полученный массив смещений:
	[ -0.1 ; 0.4 ; 0.6260220362225809 ; 0.1259264981656015 ; -1.0708103062966963 ; -0.8634379803052498 ; -0.09801378353522563 ;  ]
	[ 0.2 ; 0.7999999999999999 ; 0.10393426872344841 ; -0.7656562347540512 ; -0.05118217086107618 ; 0.7360658626024081 ; 0.21105377917465612 ;  ]
	[ 0.45781620935073575 ; 0.017293732832906444 ; 0.7862786054732357 ; 0.41339411840010765 ; -0.29779466952851064 ; -0.894003345166121 ; -0.4669023070378745 ;  ]
	[ -0.14936492996525885 ; -0.7401594142511632 ; -0.003364057849973401 ; 0.06438501307446076 ; -0.17978825097195106 ; -0.682726883140296 ; -0.2970449913946096 ;  ]
	[ -0.7881684629282683 ; 0.08524869457433876 ; 0.1014611633016354 ; 0.646456752611921 ; 0.23372296839113801 ; 0.1359057752661717 ; -0.1454679117297106 ;  ]
	[ -0.5154380751402288 ; 0.6396255725703222 ; 0.6379533074376458 ; -0.7948705606696986 ; -0.4899065457080807 ; -0.8710633666064982 ; 0.10013616004537362 ;  ]
	[ 0.713317072669395 ; -0.11307038048113185 ; -1.016611960638472 ; 0.8651949467337531 ; 0.006347430804737181 ; -0.4720997879562391 ; 0.3079715463384175 ;  ]
	Корректировка весов и смещений №3
	===============================================
