	===============================================
	Корректировка весов и смещений №3

	Thu Oct  5 23:43:38 2023

	Исходный массив весов:
	[ -1.0999999999999999 ; -0.9923399468838323 ; -0.7671275282968136 ; -0.7368533728733032 ; -0.26889971050843237 ; -0.5686978093283693 ; -1.718493048995283 ;  ]
	[ -0.2044888939496972 ; -1.6171191534460538 ; -0.2110447606009578 ; -0.871834295819284 ; -0.751353106679745 ; -0.28317982840565514 ; -0.8142436172289387 ;  ]
	[ -1.9749687068146589 ; -1.51367557511252 ; -0.42604188266132437 ; -1.9755987818026868 ; -0.26658627530268086 ; -1.3636809828411547 ; -1.4067398281261532 ;  ]
	[ -1.015010035906964 ; -1.601467347089106 ; -1.5527987363434332 ; -2.1512480487293724 ; -2.2625922013077977 ; -2.7779380060932652 ; -1.123602651499357 ;  ]
	[ -1.1184127385971145 ; -1.4443926965823355 ; -2.149358819363949 ; -1.0442363869355016 ; -0.5271764893898336 ; -0.5997462144798935 ; -0.711546305196363 ;  ]
	[ -0.29567669168504473 ; -2.0650343033524505 ; -0.1505118196745099 ; -1.4516038164311698 ; -0.5697251721961704 ; -0.8069550128440158 ; -0.9173458441152916 ;  ]
	[ -0.738406817263251 ; -0.7546293464881408 ; -0.6542983370136695 ; -0.6088557305540969 ; -0.6936764103236641 ; -1.5763092423389518 ; -0.8280973116062242 ;  ]

	Исходный массив смещений:
	[ -1.0999999999999999 ; -0.6 ; -0.3739779637774191 ; -0.8740735018343984 ; -2.070810306296697 ; -1.8634379803052505 ; -1.0980137835352255 ;  ]
	[ -1.3 ; -0.7 ; -1.3960657312765519 ; -2.265656234754052 ; -1.5511821708610765 ; -0.7639341373975918 ; -1.288946220825344 ;  ]
	[ -0.4421837906492643 ; -0.8827062671670934 ; -0.11372139452676422 ; -0.4866058815998924 ; -1.1977946695285107 ; -1.7940033451661217 ; -1.3669023070378747 ;  ]
	[ -2.1493649299652597 ; -2.7401594142511647 ; -2.003364057849974 ; -1.93561498692554 ; -2.179788250971952 ; -2.682726883140297 ; -2.2970449913946105 ;  ]
	[ -1.988168462928269 ; -1.1147513054256613 ; -1.0985388366983646 ; -0.5535432473880788 ; -0.9662770316088619 ; -1.0640942247338283 ; -1.3454679117297108 ;  ]
	[ -1.6154380751402293 ; -0.4603744274296778 ; -0.4620466925623542 ; -1.8948705606696994 ; -1.589906545708081 ; -1.971063366606499 ; -0.9998638399546264 ;  ]
	[ -0.38668292733060494 ; -1.213070380481132 ; -2.116611960638473 ; -0.23480505326624682 ; -1.0936525691952628 ; -1.5720997879562395 ; -0.7920284536615825 ;  ]

	Полученный массив весов:
	[ -1.2 ; -1.0923399468838324 ; -0.8671275282968136 ; -0.8368533728733032 ; -0.3688997105084324 ; -0.6686978093283693 ; -1.818493048995283 ;  ]
	[ -0.3044888939496972 ; -1.717119153446054 ; -0.3110447606009578 ; -0.9718342958192839 ; -0.851353106679745 ; -0.3831798284056551 ; -0.9142436172289387 ;  ]
	[ -1.9749687068146589 ; -1.51367557511252 ; -0.42604188266132437 ; -1.9755987818026868 ; -0.26658627530268086 ; -1.3636809828411547 ; -1.4067398281261532 ;  ]
	[ -1.015010035906964 ; -1.601467347089106 ; -1.5527987363434332 ; -2.1512480487293724 ; -2.2625922013077977 ; -2.7779380060932652 ; -1.123602651499357 ;  ]
	[ -1.2184127385971146 ; -1.5443926965823356 ; -2.249358819363949 ; -1.1442363869355017 ; -0.6271764893898336 ; -0.6997462144798935 ; -0.811546305196363 ;  ]
	[ -0.29567669168504473 ; -2.0650343033524505 ; -0.1505118196745099 ; -1.4516038164311698 ; -0.5697251721961704 ; -0.8069550128440158 ; -0.9173458441152916 ;  ]
	[ -0.638406817263251 ; -0.6546293464881409 ; -0.5542983370136695 ; -0.5088557305540969 ; -0.5936764103236641 ; -1.4763092423389517 ; -0.7280973116062243 ;  ]

	Полученный массив смещений:
	[ -1.2 ; -0.7 ; -0.4739779637774191 ; -0.9740735018343983 ; -2.1708103062966972 ; -1.9634379803052506 ; -1.1980137835352256 ;  ]
	[ -1.4000000000000001 ; -0.7999999999999999 ; -1.496065731276552 ; -2.365656234754052 ; -1.6511821708610765 ; -0.8639341373975917 ; -1.388946220825344 ;  ]
	[ -0.4421837906492643 ; -0.8827062671670934 ; -0.11372139452676422 ; -0.4866058815998924 ; -1.1977946695285107 ; -1.7940033451661217 ; -1.3669023070378747 ;  ]
	[ -2.1493649299652597 ; -2.7401594142511647 ; -2.003364057849974 ; -1.93561498692554 ; -2.179788250971952 ; -2.682726883140297 ; -2.2970449913946105 ;  ]
	[ -2.088168462928269 ; -1.2147513054256613 ; -1.1985388366983647 ; -0.6535432473880788 ; -1.066277031608862 ; -1.1640942247338284 ; -1.445467911729711 ;  ]
	[ -1.6154380751402293 ; -0.4603744274296778 ; -0.4620466925623542 ; -1.8948705606696994 ; -1.589906545708081 ; -1.971063366606499 ; -0.9998638399546264 ;  ]
	[ -0.28668292733060496 ; -1.113070380481132 ; -2.016611960638473 ; -0.1348050532662468 ; -0.9936525691952628 ; -1.4720997879562394 ; -0.6920284536615825 ;  ]
	Корректировка весов и смещений №3
	===============================================
