	===============================================
	Корректировка весов и смещений №3

	Thu Oct  5 23:54:53 2023

	Исходный массив весов:
	[ -4.6 ; -4.492339946883833 ; -4.2671275282968155 ; -4.236853372873305 ; -3.7688997105084345 ; -4.068697809328372 ; -5.21849304899528 ;  ]
	[ -3.204488893949699 ; -4.617119153446054 ; -3.21104476060096 ; -3.871834295819286 ; -3.751353106679747 ; -3.283179828405657 ; -3.814243617228941 ;  ]
	[ -4.07496870681466 ; -3.613675575112522 ; -2.5260418826613256 ; -4.075598781802689 ; -2.366586275302682 ; -3.4636809828411566 ; -3.506739828126155 ;  ]
	[ -4.115010035906966 ; -4.701467347089105 ; -4.652798736343433 ; -5.251248048729369 ; -5.362592201307795 ; -5.87793800609326 ; -4.223602651499358 ;  ]
	[ -5.618412738597111 ; -5.944392696582331 ; -6.6493588193639415 ; -5.5442363869354985 ; -5.0271764893898325 ; -5.099746214479892 ; -5.211546305196361 ;  ]
	[ -2.795676691685046 ; -4.5650343033524505 ; -2.650511819674511 ; -3.951603816431172 ; -3.069725172196172 ; -3.3069550128440177 ; -3.4173458441152937 ;  ]
	[ -3.438406817263253 ; -3.454629346488143 ; -3.354298337013671 ; -3.308855730554099 ; -3.393676410323666 ; -4.276309242338953 ; -3.5280973116062264 ;  ]

	Исходный массив смещений:
	[ -4.6 ; -4.100000000000001 ; -3.8739779637774214 ; -4.3740735018344 ; -5.570810306296694 ; -5.363437980305248 ; -4.598013783535226 ;  ]
	[ -4.300000000000001 ; -3.700000000000002 ; -4.396065731276553 ; -5.265656234754049 ; -4.551182170861076 ; -3.763934137397594 ; -4.288946220825346 ;  ]
	[ -2.5421837906492653 ; -2.982706267167095 ; -2.213721394526765 ; -2.5866058815998936 ; -3.2977946695285123 ; -3.8940033451661233 ; -3.4669023070378766 ;  ]
	[ -5.249364929965257 ; -5.8401594142511595 ; -5.103364057849972 ; -5.0356149869255376 ; -5.279788250971949 ; -5.782726883140292 ; -5.3970449913946075 ;  ]
	[ -6.488168462928262 ; -5.614751305425658 ; -5.598538836698362 ; -5.0535432473880775 ; -5.466277031608859 ; -5.564094224733825 ; -5.845467911729706 ;  ]
	[ -4.115438075140231 ; -2.9603744274296795 ; -2.962046692562356 ; -4.3948705606697 ; -4.089906545708083 ; -4.471063366606499 ; -3.4998638399546285 ;  ]
	[ -3.0866829273306067 ; -3.9130703804811344 ; -4.816611960638472 ; -2.934805053266248 ; -3.793652569195265 ; -4.272099787956241 ; -3.4920284536615847 ;  ]

	Полученный массив весов:
	[ -4.6 ; -4.492339946883833 ; -4.2671275282968155 ; -4.236853372873305 ; -3.7688997105084345 ; -4.068697809328372 ; -5.21849304899528 ;  ]
	[ -3.3044888939496992 ; -4.7171191534460535 ; -3.31104476060096 ; -3.9718342958192863 ; -3.8513531066797473 ; -3.383179828405657 ; -3.914243617228941 ;  ]
	[ -4.07496870681466 ; -3.613675575112522 ; -2.5260418826613256 ; -4.075598781802689 ; -2.366586275302682 ; -3.4636809828411566 ; -3.506739828126155 ;  ]
	[ -4.0150100359069665 ; -4.601467347089105 ; -4.5527987363434335 ; -5.15124804872937 ; -5.262592201307795 ; -5.77793800609326 ; -4.1236026514993585 ;  ]
	[ -5.618412738597111 ; -5.944392696582331 ; -6.6493588193639415 ; -5.5442363869354985 ; -5.0271764893898325 ; -5.099746214479892 ; -5.211546305196361 ;  ]
	[ -2.895676691685046 ; -4.66503430335245 ; -2.7505118196745113 ; -4.051603816431172 ; -3.169725172196172 ; -3.406955012844018 ; -3.517345844115294 ;  ]
	[ -3.5384068172632532 ; -3.554629346488143 ; -3.4542983370136713 ; -3.408855730554099 ; -3.493676410323666 ; -4.3763092423389525 ; -3.6280973116062265 ;  ]

	Полученный массив смещений:
	[ -4.6 ; -4.100000000000001 ; -3.8739779637774214 ; -4.3740735018344 ; -5.570810306296694 ; -5.363437980305248 ; -4.598013783535226 ;  ]
	[ -4.4 ; -3.800000000000002 ; -4.496065731276553 ; -5.365656234754049 ; -4.651182170861076 ; -3.863934137397594 ; -4.388946220825345 ;  ]
	[ -2.5421837906492653 ; -2.982706267167095 ; -2.213721394526765 ; -2.5866058815998936 ; -3.2977946695285123 ; -3.8940033451661233 ; -3.4669023070378766 ;  ]
	[ -5.149364929965257 ; -5.74015941425116 ; -5.003364057849972 ; -4.935614986925538 ; -5.179788250971949 ; -5.682726883140292 ; -5.297044991394608 ;  ]
	[ -6.488168462928262 ; -5.614751305425658 ; -5.598538836698362 ; -5.0535432473880775 ; -5.466277031608859 ; -5.564094224733825 ; -5.845467911729706 ;  ]
	[ -4.215438075140231 ; -3.0603744274296796 ; -3.062046692562356 ; -4.4948705606697 ; -4.189906545708083 ; -4.571063366606499 ; -3.5998638399546286 ;  ]
	[ -3.1866829273306068 ; -4.0130703804811345 ; -4.9166119606384715 ; -3.0348050532662483 ; -3.893652569195265 ; -4.37209978795624 ; -3.5920284536615847 ;  ]
	Корректировка весов и смещений №3
	===============================================
