	===============================================
	Корректировка весов и смещений №3

	Thu Oct  5 23:44:23 2023

	Исходный массив весов:
	[ -1.2 ; -1.0923399468838324 ; -0.8671275282968136 ; -0.8368533728733032 ; -0.3688997105084324 ; -0.6686978093283693 ; -1.818493048995283 ;  ]
	[ -0.4044888939496972 ; -1.817119153446054 ; -0.41104476060095785 ; -1.071834295819284 ; -0.9513531066797449 ; -0.4831798284056551 ; -1.0142436172289386 ;  ]
	[ -2.174968706814659 ; -1.71367557511252 ; -0.6260418826613243 ; -2.175598781802687 ; -0.4665862753026808 ; -1.5636809828411549 ; -1.6067398281261533 ;  ]
	[ -1.1150100359069641 ; -1.7014673470891062 ; -1.6527987363434333 ; -2.2512480487293725 ; -2.362592201307798 ; -2.8779380060932653 ; -1.223602651499357 ;  ]
	[ -1.2184127385971146 ; -1.5443926965823356 ; -2.249358819363949 ; -1.1442363869355017 ; -0.6271764893898336 ; -0.6997462144798935 ; -0.811546305196363 ;  ]
	[ -0.19567669168504473 ; -1.9650343033524504 ; -0.050511819674509906 ; -1.3516038164311697 ; -0.4697251721961704 ; -0.7069550128440159 ; -0.8173458441152917 ;  ]
	[ -0.738406817263251 ; -0.7546293464881408 ; -0.6542983370136695 ; -0.6088557305540969 ; -0.6936764103236641 ; -1.5763092423389518 ; -0.8280973116062242 ;  ]

	Исходный массив смещений:
	[ -1.2 ; -0.7 ; -0.4739779637774191 ; -0.9740735018343983 ; -2.1708103062966972 ; -1.9634379803052506 ; -1.1980137835352256 ;  ]
	[ -1.5000000000000002 ; -0.8999999999999999 ; -1.596065731276552 ; -2.4656562347540523 ; -1.7511821708610766 ; -0.9639341373975917 ; -1.4889462208253441 ;  ]
	[ -0.6421837906492642 ; -1.0827062671670935 ; -0.31372139452676423 ; -0.6866058815998923 ; -1.3977946695285108 ; -1.9940033451661219 ; -1.566902307037875 ;  ]
	[ -2.24936492996526 ; -2.840159414251165 ; -2.103364057849974 ; -2.0356149869255398 ; -2.279788250971952 ; -2.782726883140297 ; -2.3970449913946106 ;  ]
	[ -2.088168462928269 ; -1.2147513054256613 ; -1.1985388366983647 ; -0.6535432473880788 ; -1.066277031608862 ; -1.1640942247338284 ; -1.445467911729711 ;  ]
	[ -1.5154380751402292 ; -0.36037442742967785 ; -0.3620466925623542 ; -1.7948705606696993 ; -1.489906545708081 ; -1.8710633666064989 ; -0.8998638399546264 ;  ]
	[ -0.38668292733060494 ; -1.213070380481132 ; -2.116611960638473 ; -0.23480505326624682 ; -1.0936525691952628 ; -1.5720997879562395 ; -0.7920284536615825 ;  ]

	Полученный массив весов:
	[ -1.2 ; -1.0923399468838324 ; -0.8671275282968136 ; -0.8368533728733032 ; -0.3688997105084324 ; -0.6686978093283693 ; -1.818493048995283 ;  ]
	[ -0.5044888939496972 ; -1.917119153446054 ; -0.5110447606009578 ; -1.171834295819284 ; -1.051353106679745 ; -0.5831798284056551 ; -1.1142436172289387 ;  ]
	[ -2.274968706814659 ; -1.8136755751125202 ; -0.7260418826613243 ; -2.275598781802687 ; -0.5665862753026808 ; -1.663680982841155 ; -1.7067398281261534 ;  ]
	[ -1.2150100359069642 ; -1.8014673470891063 ; -1.7527987363434334 ; -2.3512480487293725 ; -2.462592201307798 ; -2.9779380060932654 ; -1.323602651499357 ;  ]
	[ -1.2184127385971146 ; -1.5443926965823356 ; -2.249358819363949 ; -1.1442363869355017 ; -0.6271764893898336 ; -0.6997462144798935 ; -0.811546305196363 ;  ]
	[ -0.19567669168504473 ; -1.9650343033524504 ; -0.050511819674509906 ; -1.3516038164311697 ; -0.4697251721961704 ; -0.7069550128440159 ; -0.8173458441152917 ;  ]
	[ -0.638406817263251 ; -0.6546293464881409 ; -0.5542983370136695 ; -0.5088557305540969 ; -0.5936764103236641 ; -1.4763092423389517 ; -0.7280973116062243 ;  ]

	Полученный массив смещений:
	[ -1.2 ; -0.7 ; -0.4739779637774191 ; -0.9740735018343983 ; -2.1708103062966972 ; -1.9634379803052506 ; -1.1980137835352256 ;  ]
	[ -1.6000000000000003 ; -0.9999999999999999 ; -1.6960657312765521 ; -2.5656562347540524 ; -1.8511821708610767 ; -1.0639341373975917 ; -1.5889462208253442 ;  ]
	[ -0.7421837906492642 ; -1.1827062671670936 ; -0.41372139452676426 ; -0.7866058815998923 ; -1.497794669528511 ; -2.0940033451661217 ; -1.666902307037875 ;  ]
	[ -2.34936492996526 ; -2.940159414251165 ; -2.2033640578499742 ; -2.13561498692554 ; -2.379788250971952 ; -2.8827268831402972 ; -2.4970449913946107 ;  ]
	[ -2.088168462928269 ; -1.2147513054256613 ; -1.1985388366983647 ; -0.6535432473880788 ; -1.066277031608862 ; -1.1640942247338284 ; -1.445467911729711 ;  ]
	[ -1.5154380751402292 ; -0.36037442742967785 ; -0.3620466925623542 ; -1.7948705606696993 ; -1.489906545708081 ; -1.8710633666064989 ; -0.8998638399546264 ;  ]
	[ -0.28668292733060496 ; -1.113070380481132 ; -2.016611960638473 ; -0.1348050532662468 ; -0.9936525691952628 ; -1.4720997879562394 ; -0.6920284536615825 ;  ]
	Корректировка весов и смещений №3
	===============================================
