	===============================================
	Корректировка весов и смещений №3

	Thu Oct  5 23:49:32 2023

	Исходный массив весов:
	[ -2.2000000000000006 ; -2.092339946883833 ; -1.8671275282968143 ; -1.8368533728733039 ; -1.3688997105084326 ; -1.6686978093283698 ; -2.818493048995284 ;  ]
	[ -0.9044888939496971 ; -2.3171191534460545 ; -0.9110447606009577 ; -1.5718342958192844 ; -1.4513531066797454 ; -0.983179828405655 ; -1.514243617228939 ;  ]
	[ -2.4749687068146593 ; -2.0136755751125204 ; -0.9260418826613243 ; -2.475598781802687 ; -0.7665862753026808 ; -1.8636809828411551 ; -1.9067398281261534 ;  ]
	[ -2.9150100359069655 ; -3.5014673470891076 ; -3.4527987363434347 ; -4.051248048729374 ; -4.162592201307799 ; -4.677938006093264 ; -3.0236026514993584 ;  ]
	[ -2.5184127385971156 ; -2.8443926965823367 ; -3.5493588193639503 ; -2.444236386935503 ; -1.9271764893898342 ; -1.9997462144798943 ; -2.111546305196364 ;  ]
	[ -1.495676691685045 ; -3.2650343033524516 ; -1.35051181967451 ; -2.651603816431171 ; -1.7697251721961709 ; -2.0069550128440166 ; -2.1173458441152926 ;  ]
	[ -1.5384068172632515 ; -1.5546293464881413 ; -1.4542983370136697 ; -1.4088557305540972 ; -1.4936764103236644 ; -2.3763092423389525 ; -1.6280973116062247 ;  ]

	Исходный массив смещений:
	[ -2.2000000000000006 ; -1.7000000000000004 ; -1.4739779637774193 ; -1.9740735018343991 ; -3.170810306296698 ; -2.9634379803052515 ; -2.1980137835352265 ;  ]
	[ -2.0000000000000004 ; -1.4000000000000001 ; -2.0960657312765525 ; -2.9656562347540527 ; -2.251182170861077 ; -1.463934137397592 ; -1.9889462208253446 ;  ]
	[ -0.9421837906492642 ; -1.3827062671670938 ; -0.6137213945267642 ; -0.9866058815998923 ; -1.697794669528511 ; -2.294003345166122 ; -1.8669023070378752 ;  ]
	[ -4.049364929965261 ; -4.640159414251164 ; -3.9033640578499758 ; -3.8356149869255414 ; -4.079788250971953 ; -4.582726883140296 ; -4.197044991394612 ;  ]
	[ -3.3881684629282702 ; -2.5147513054256625 ; -2.4985388366983656 ; -1.9535432473880796 ; -2.366277031608863 ; -2.4640942247338296 ; -2.745467911729712 ;  ]
	[ -2.8154380751402304 ; -1.6603744274296783 ; -1.6620466925623547 ; -3.0948705606697002 ; -2.789906545708082 ; -3.1710633666065 ; -2.1998638399546273 ;  ]
	[ -1.186682927330605 ; -2.0130703804811327 ; -2.9166119606384737 ; -1.0348050532662467 ; -1.8936525691952635 ; -2.37209978795624 ; -1.592028453661583 ;  ]

	Полученный массив весов:
	[ -2.3000000000000007 ; -2.192339946883833 ; -1.9671275282968144 ; -1.936853372873304 ; -1.4688997105084327 ; -1.7686978093283698 ; -2.918493048995284 ;  ]
	[ -1.0044888939496972 ; -2.4171191534460545 ; -1.0110447606009578 ; -1.6718342958192844 ; -1.5513531066797455 ; -1.083179828405655 ; -1.6142436172289392 ;  ]
	[ -2.5749687068146594 ; -2.1136755751125205 ; -1.0260418826613242 ; -2.5755987818026873 ; -0.8665862753026807 ; -1.9636809828411552 ; -2.0067398281261535 ;  ]
	[ -2.9150100359069655 ; -3.5014673470891076 ; -3.4527987363434347 ; -4.051248048729374 ; -4.162592201307799 ; -4.677938006093264 ; -3.0236026514993584 ;  ]
	[ -2.5184127385971156 ; -2.8443926965823367 ; -3.5493588193639503 ; -2.444236386935503 ; -1.9271764893898342 ; -1.9997462144798943 ; -2.111546305196364 ;  ]
	[ -1.495676691685045 ; -3.2650343033524516 ; -1.35051181967451 ; -2.651603816431171 ; -1.7697251721961709 ; -2.0069550128440166 ; -2.1173458441152926 ;  ]
	[ -1.4384068172632514 ; -1.4546293464881412 ; -1.3542983370136696 ; -1.308855730554097 ; -1.3936764103236643 ; -2.2763092423389524 ; -1.5280973116062246 ;  ]

	Полученный массив смещений:
	[ -2.3000000000000007 ; -1.8000000000000005 ; -1.5739779637774194 ; -2.074073501834399 ; -3.2708103062966982 ; -3.0634379803052516 ; -2.2980137835352266 ;  ]
	[ -2.1000000000000005 ; -1.5000000000000002 ; -2.1960657312765526 ; -3.065656234754053 ; -2.351182170861077 ; -1.5639341373975921 ; -2.0889462208253446 ;  ]
	[ -1.0421837906492641 ; -1.4827062671670939 ; -0.7137213945267642 ; -1.0866058815998922 ; -1.7977946695285112 ; -2.394003345166122 ; -1.9669023070378753 ;  ]
	[ -4.049364929965261 ; -4.640159414251164 ; -3.9033640578499758 ; -3.8356149869255414 ; -4.079788250971953 ; -4.582726883140296 ; -4.197044991394612 ;  ]
	[ -3.3881684629282702 ; -2.5147513054256625 ; -2.4985388366983656 ; -1.9535432473880796 ; -2.366277031608863 ; -2.4640942247338296 ; -2.745467911729712 ;  ]
	[ -2.8154380751402304 ; -1.6603744274296783 ; -1.6620466925623547 ; -3.0948705606697002 ; -2.789906545708082 ; -3.1710633666065 ; -2.1998638399546273 ;  ]
	[ -1.086682927330605 ; -1.9130703804811326 ; -2.8166119606384736 ; -0.9348050532662467 ; -1.7936525691952634 ; -2.27209978795624 ; -1.4920284536615829 ;  ]
	Корректировка весов и смещений №3
	===============================================
