	===============================================
	Корректировка весов и смещений №3

	Thu Oct  5 23:51:16 2023

	Исходный массив весов:
	[ -3.600000000000002 ; -3.4923399468838343 ; -3.2671275282968155 ; -3.236853372873305 ; -2.7688997105084336 ; -3.0686978093283708 ; -4.218493048995284 ;  ]
	[ -1.1044888939496973 ; -2.5171191534460546 ; -1.111044760600958 ; -1.7718342958192843 ; -1.6513531066797456 ; -1.1831798284056552 ; -1.7142436172289393 ;  ]
	[ -3.27496870681466 ; -2.813675575112521 ; -1.7260418826613249 ; -3.275598781802688 ; -1.5665862753026811 ; -2.663680982841156 ; -2.706739828126154 ;  ]
	[ -4.0150100359069665 ; -4.601467347089105 ; -4.5527987363434335 ; -5.15124804872937 ; -5.262592201307795 ; -5.77793800609326 ; -4.1236026514993585 ;  ]
	[ -2.5184127385971156 ; -2.8443926965823367 ; -3.5493588193639503 ; -2.444236386935503 ; -1.9271764893898342 ; -1.9997462144798943 ; -2.111546305196364 ;  ]
	[ -1.6956766916850452 ; -3.4650343033524518 ; -1.5505118196745102 ; -2.851603816431171 ; -1.969725172196171 ; -2.2069550128440167 ; -2.3173458441152928 ;  ]
	[ -2.238406817263252 ; -2.2546293464881417 ; -2.15429833701367 ; -2.108855730554098 ; -2.193676410323665 ; -3.076309242338953 ; -2.3280973116062254 ;  ]

	Исходный массив смещений:
	[ -3.600000000000002 ; -3.1000000000000014 ; -2.8739779637774205 ; -3.3740735018344004 ; -4.570810306296697 ; -4.363437980305251 ; -3.5980137835352277 ;  ]
	[ -2.2000000000000006 ; -1.6000000000000003 ; -2.2960657312765527 ; -3.165656234754053 ; -2.451182170861077 ; -1.6639341373975922 ; -2.1889462208253447 ;  ]
	[ -1.7421837906492648 ; -2.1827062671670943 ; -1.4137213945267646 ; -1.7866058815998929 ; -2.4977946695285116 ; -3.0940033451661226 ; -2.666902307037876 ;  ]
	[ -5.149364929965257 ; -5.74015941425116 ; -5.003364057849972 ; -4.935614986925538 ; -5.179788250971949 ; -5.682726883140292 ; -5.297044991394608 ;  ]
	[ -3.3881684629282702 ; -2.5147513054256625 ; -2.4985388366983656 ; -1.9535432473880796 ; -2.366277031608863 ; -2.4640942247338296 ; -2.745467911729712 ;  ]
	[ -3.0154380751402305 ; -1.8603744274296785 ; -1.8620466925623549 ; -3.2948705606697004 ; -2.9899065457080822 ; -3.3710633666065 ; -2.3998638399546275 ;  ]
	[ -1.8866829273306056 ; -2.7130703804811334 ; -3.6166119606384743 ; -1.7348050532662473 ; -2.593652569195264 ; -3.072099787956241 ; -2.2920284536615836 ;  ]

	Полученный массив весов:
	[ -3.900000000000002 ; -3.7923399468838346 ; -3.567127528296816 ; -3.5368533728733054 ; -3.068899710508434 ; -3.368697809328371 ; -4.518493048995283 ;  ]
	[ -1.1044888939496973 ; -2.5171191534460546 ; -1.111044760600958 ; -1.7718342958192843 ; -1.6513531066797456 ; -1.1831798284056552 ; -1.7142436172289393 ;  ]
	[ -3.27496870681466 ; -2.813675575112521 ; -1.7260418826613249 ; -3.275598781802688 ; -1.5665862753026811 ; -2.663680982841156 ; -2.706739828126154 ;  ]
	[ -4.0150100359069665 ; -4.601467347089105 ; -4.5527987363434335 ; -5.15124804872937 ; -5.262592201307795 ; -5.77793800609326 ; -4.1236026514993585 ;  ]
	[ -2.5184127385971156 ; -2.8443926965823367 ; -3.5493588193639503 ; -2.444236386935503 ; -1.9271764893898342 ; -1.9997462144798943 ; -2.111546305196364 ;  ]
	[ -1.6956766916850452 ; -3.4650343033524518 ; -1.5505118196745102 ; -2.851603816431171 ; -1.969725172196171 ; -2.2069550128440167 ; -2.3173458441152928 ;  ]
	[ -2.138406817263252 ; -2.1546293464881416 ; -2.05429833701367 ; -2.0088557305540977 ; -2.0936764103236647 ; -2.976309242338953 ; -2.2280973116062253 ;  ]

	Полученный массив смещений:
	[ -3.900000000000002 ; -3.4000000000000017 ; -3.173977963777421 ; -3.6740735018344006 ; -4.870810306296696 ; -4.66343798030525 ; -3.898013783535228 ;  ]
	[ -2.2000000000000006 ; -1.6000000000000003 ; -2.2960657312765527 ; -3.165656234754053 ; -2.451182170861077 ; -1.6639341373975922 ; -2.1889462208253447 ;  ]
	[ -1.7421837906492648 ; -2.1827062671670943 ; -1.4137213945267646 ; -1.7866058815998929 ; -2.4977946695285116 ; -3.0940033451661226 ; -2.666902307037876 ;  ]
	[ -5.149364929965257 ; -5.74015941425116 ; -5.003364057849972 ; -4.935614986925538 ; -5.179788250971949 ; -5.682726883140292 ; -5.297044991394608 ;  ]
	[ -3.3881684629282702 ; -2.5147513054256625 ; -2.4985388366983656 ; -1.9535432473880796 ; -2.366277031608863 ; -2.4640942247338296 ; -2.745467911729712 ;  ]
	[ -3.0154380751402305 ; -1.8603744274296785 ; -1.8620466925623549 ; -3.2948705606697004 ; -2.9899065457080822 ; -3.3710633666065 ; -2.3998638399546275 ;  ]
	[ -1.7866829273306055 ; -2.6130703804811333 ; -3.5166119606384743 ; -1.6348050532662473 ; -2.493652569195264 ; -2.9720997879562407 ; -2.1920284536615835 ;  ]
	Корректировка весов и смещений №3
	===============================================
