	===============================================
	Корректировка весов и смещений №3

	Thu Oct  5 23:45:19 2023

	Исходный массив весов:
	[ -1.5000000000000002 ; -1.3923399468838327 ; -1.1671275282968137 ; -1.1368533728733032 ; -0.6688997105084323 ; -0.9686978093283692 ; -2.1184930489952833 ;  ]
	[ -0.4044888939496972 ; -1.817119153446054 ; -0.41104476060095785 ; -1.071834295819284 ; -0.951353106679745 ; -0.4831798284056551 ; -1.0142436172289386 ;  ]
	[ -2.174968706814659 ; -1.71367557511252 ; -0.6260418826613243 ; -2.175598781802687 ; -0.4665862753026808 ; -1.5636809828411549 ; -1.6067398281261533 ;  ]
	[ -1.6150100359069646 ; -2.2014673470891064 ; -2.1527987363434335 ; -2.751248048729373 ; -2.8625922013077982 ; -3.3779380060932658 ; -1.7236026514993574 ;  ]
	[ -1.618412738597115 ; -1.944392696582336 ; -2.6493588193639495 ; -1.544236386935502 ; -1.0271764893898336 ; -1.0997462144798935 ; -1.211546305196363 ;  ]
	[ -0.4956766916850447 ; -2.2650343033524507 ; -0.35051181967450995 ; -1.65160381643117 ; -0.7697251721961703 ; -1.006955012844016 ; -1.1173458441152917 ;  ]
	[ -0.838406817263251 ; -0.8546293464881408 ; -0.7542983370136694 ; -0.7088557305540969 ; -0.7936764103236641 ; -1.6763092423389518 ; -0.9280973116062242 ;  ]

	Исходный массив смещений:
	[ -1.5000000000000002 ; -0.9999999999999999 ; -0.773977963777419 ; -1.2740735018343985 ; -2.4708103062966975 ; -2.263437980305251 ; -1.4980137835352259 ;  ]
	[ -1.5000000000000002 ; -0.8999999999999999 ; -1.596065731276552 ; -2.4656562347540523 ; -1.7511821708610766 ; -0.9639341373975917 ; -1.4889462208253441 ;  ]
	[ -0.6421837906492642 ; -1.0827062671670935 ; -0.3137213945267643 ; -0.6866058815998923 ; -1.3977946695285108 ; -1.9940033451661217 ; -1.566902307037875 ;  ]
	[ -2.7493649299652603 ; -3.3401594142511652 ; -2.6033640578499746 ; -2.53561498692554 ; -2.7797882509719525 ; -3.2827268831402976 ; -2.897044991394611 ;  ]
	[ -2.4881684629282694 ; -1.6147513054256617 ; -1.598538836698365 ; -1.0535432473880788 ; -1.4662770316088622 ; -1.5640942247338288 ; -1.8454679117297113 ;  ]
	[ -1.8154380751402295 ; -0.6603744274296778 ; -0.6620466925623542 ; -2.0948705606696993 ; -1.7899065457080812 ; -2.171063366606499 ; -1.1998638399546264 ;  ]
	[ -0.4866829273306049 ; -1.3130703804811321 ; -2.216611960638473 ; -0.3348050532662468 ; -1.1936525691952629 ; -1.6720997879562396 ; -0.8920284536615825 ;  ]

	Полученный массив весов:
	[ -1.5000000000000002 ; -1.3923399468838327 ; -1.1671275282968137 ; -1.1368533728733032 ; -0.6688997105084323 ; -0.9686978093283692 ; -2.1184930489952833 ;  ]
	[ -0.5044888939496972 ; -1.917119153446054 ; -0.5110447606009578 ; -1.171834295819284 ; -1.051353106679745 ; -0.5831798284056551 ; -1.1142436172289387 ;  ]
	[ -2.174968706814659 ; -1.71367557511252 ; -0.6260418826613243 ; -2.175598781802687 ; -0.4665862753026808 ; -1.5636809828411549 ; -1.6067398281261533 ;  ]
	[ -1.6150100359069646 ; -2.2014673470891064 ; -2.1527987363434335 ; -2.751248048729373 ; -2.8625922013077982 ; -3.3779380060932658 ; -1.7236026514993574 ;  ]
	[ -1.718412738597115 ; -2.044392696582336 ; -2.7493588193639495 ; -1.6442363869355021 ; -1.1271764893898337 ; -1.1997462144798936 ; -1.3115463051963632 ;  ]
	[ -0.5956766916850447 ; -2.365034303352451 ; -0.45051181967450993 ; -1.75160381643117 ; -0.8697251721961703 ; -1.106955012844016 ; -1.2173458441152918 ;  ]
	[ -0.738406817263251 ; -0.7546293464881408 ; -0.6542983370136695 ; -0.6088557305540969 ; -0.6936764103236641 ; -1.5763092423389518 ; -0.8280973116062242 ;  ]

	Полученный массив смещений:
	[ -1.5000000000000002 ; -0.9999999999999999 ; -0.773977963777419 ; -1.2740735018343985 ; -2.4708103062966975 ; -2.263437980305251 ; -1.4980137835352259 ;  ]
	[ -1.6000000000000003 ; -0.9999999999999999 ; -1.6960657312765521 ; -2.5656562347540524 ; -1.8511821708610767 ; -1.0639341373975917 ; -1.5889462208253442 ;  ]
	[ -0.6421837906492642 ; -1.0827062671670935 ; -0.3137213945267643 ; -0.6866058815998923 ; -1.3977946695285108 ; -1.9940033451661217 ; -1.566902307037875 ;  ]
	[ -2.7493649299652603 ; -3.3401594142511652 ; -2.6033640578499746 ; -2.53561498692554 ; -2.7797882509719525 ; -3.2827268831402976 ; -2.897044991394611 ;  ]
	[ -2.5881684629282695 ; -1.7147513054256618 ; -1.6985388366983651 ; -1.153543247388079 ; -1.5662770316088623 ; -1.6640942247338288 ; -1.9454679117297113 ;  ]
	[ -1.9154380751402296 ; -0.7603744274296778 ; -0.7620466925623541 ; -2.1948705606696994 ; -1.8899065457080813 ; -2.271063366606499 ; -1.2998638399546265 ;  ]
	[ -0.38668292733060494 ; -1.213070380481132 ; -2.116611960638473 ; -0.23480505326624682 ; -1.0936525691952628 ; -1.5720997879562395 ; -0.7920284536615825 ;  ]
	Корректировка весов и смещений №3
	===============================================
