	===============================================
	Корректировка весов и смещений №3

	Thu Oct  5 23:49:55 2023

	Исходный массив весов:
	[ -2.3000000000000007 ; -2.192339946883833 ; -1.9671275282968144 ; -1.936853372873304 ; -1.4688997105084327 ; -1.7686978093283698 ; -2.918493048995284 ;  ]
	[ -1.1044888939496973 ; -2.5171191534460546 ; -1.111044760600958 ; -1.7718342958192845 ; -1.6513531066797456 ; -1.1831798284056552 ; -1.7142436172289393 ;  ]
	[ -2.6749687068146595 ; -2.2136755751125206 ; -1.1260418826613243 ; -2.6755987818026874 ; -0.9665862753026807 ; -2.0636809828411553 ; -2.1067398281261536 ;  ]
	[ -3.2150100359069658 ; -3.801467347089108 ; -3.752798736343435 ; -4.3512480487293725 ; -4.462592201307798 ; -4.977938006093263 ; -3.3236026514993586 ;  ]
	[ -2.5184127385971156 ; -2.8443926965823367 ; -3.5493588193639503 ; -2.444236386935503 ; -1.9271764893898342 ; -1.9997462144798943 ; -2.111546305196364 ;  ]
	[ -1.5956766916850451 ; -3.3650343033524517 ; -1.4505118196745101 ; -2.751603816431171 ; -1.869725172196171 ; -2.1069550128440167 ; -2.2173458441152927 ;  ]
	[ -1.6384068172632515 ; -1.6546293464881414 ; -1.5542983370136698 ; -1.5088557305540973 ; -1.5936764103236645 ; -2.4763092423389526 ; -1.7280973116062248 ;  ]

	Исходный массив смещений:
	[ -2.3000000000000007 ; -1.8000000000000005 ; -1.5739779637774194 ; -2.074073501834399 ; -3.2708103062966982 ; -3.0634379803052516 ; -2.2980137835352266 ;  ]
	[ -2.2000000000000006 ; -1.6000000000000003 ; -2.2960657312765527 ; -3.165656234754053 ; -2.451182170861077 ; -1.6639341373975922 ; -2.1889462208253447 ;  ]
	[ -1.1421837906492642 ; -1.582706267167094 ; -0.8137213945267642 ; -1.1866058815998923 ; -1.8977946695285113 ; -2.494003345166122 ; -2.0669023070378754 ;  ]
	[ -4.34936492996526 ; -4.940159414251163 ; -4.203364057849975 ; -4.135614986925541 ; -4.379788250971952 ; -4.882726883140295 ; -4.497044991394611 ;  ]
	[ -3.3881684629282702 ; -2.5147513054256625 ; -2.4985388366983656 ; -1.9535432473880796 ; -2.366277031608863 ; -2.4640942247338296 ; -2.745467911729712 ;  ]
	[ -2.9154380751402305 ; -1.7603744274296784 ; -1.7620466925623548 ; -3.1948705606697003 ; -2.889906545708082 ; -3.2710633666065 ; -2.2998638399546274 ;  ]
	[ -1.286682927330605 ; -2.113070380481133 ; -3.016611960638474 ; -1.1348050532662468 ; -1.9936525691952636 ; -2.4720997879562403 ; -1.692028453661583 ;  ]

	Полученный массив весов:
	[ -2.400000000000001 ; -2.2923399468838332 ; -2.0671275282968145 ; -2.036853372873304 ; -1.5688997105084328 ; -1.86869780932837 ; -3.018493048995284 ;  ]
	[ -1.2044888939496974 ; -2.6171191534460547 ; -1.211044760600958 ; -1.8718342958192846 ; -1.7513531066797456 ; -1.2831798284056553 ; -1.8142436172289393 ;  ]
	[ -2.7749687068146596 ; -2.3136755751125206 ; -1.2260418826613244 ; -2.7755987818026875 ; -1.0665862753026807 ; -2.1636809828411554 ; -2.2067398281261537 ;  ]
	[ -3.2150100359069658 ; -3.801467347089108 ; -3.752798736343435 ; -4.3512480487293725 ; -4.462592201307798 ; -4.977938006093263 ; -3.3236026514993586 ;  ]
	[ -2.5184127385971156 ; -2.8443926965823367 ; -3.5493588193639503 ; -2.444236386935503 ; -1.9271764893898342 ; -1.9997462144798943 ; -2.111546305196364 ;  ]
	[ -1.5956766916850451 ; -3.3650343033524517 ; -1.4505118196745101 ; -2.751603816431171 ; -1.869725172196171 ; -2.1069550128440167 ; -2.2173458441152927 ;  ]
	[ -1.5384068172632515 ; -1.5546293464881413 ; -1.4542983370136697 ; -1.4088557305540972 ; -1.4936764103236644 ; -2.3763092423389525 ; -1.6280973116062247 ;  ]

	Полученный массив смещений:
	[ -2.400000000000001 ; -1.9000000000000006 ; -1.6739779637774195 ; -2.1740735018343993 ; -3.3708103062966983 ; -3.1634379803052517 ; -2.3980137835352267 ;  ]
	[ -2.3000000000000007 ; -1.7000000000000004 ; -2.3960657312765528 ; -3.265656234754053 ; -2.551182170861077 ; -1.7639341373975923 ; -2.288946220825345 ;  ]
	[ -1.2421837906492643 ; -1.682706267167094 ; -0.9137213945267642 ; -1.2866058815998924 ; -1.9977946695285114 ; -2.594003345166122 ; -2.1669023070378755 ;  ]
	[ -4.34936492996526 ; -4.940159414251163 ; -4.203364057849975 ; -4.135614986925541 ; -4.379788250971952 ; -4.882726883140295 ; -4.497044991394611 ;  ]
	[ -3.3881684629282702 ; -2.5147513054256625 ; -2.4985388366983656 ; -1.9535432473880796 ; -2.366277031608863 ; -2.4640942247338296 ; -2.745467911729712 ;  ]
	[ -2.9154380751402305 ; -1.7603744274296784 ; -1.7620466925623548 ; -3.1948705606697003 ; -2.889906545708082 ; -3.2710633666065 ; -2.2998638399546274 ;  ]
	[ -1.186682927330605 ; -2.0130703804811327 ; -2.9166119606384737 ; -1.0348050532662467 ; -1.8936525691952635 ; -2.37209978795624 ; -1.592028453661583 ;  ]
	Корректировка весов и смещений №3
	===============================================
